# Created by Octave 5.1.0, Thu Jun 11 15:24:05 2020 GMT <unknown@OKONKWO>
# name: Adam_Loss
# type: matrix
# rows: 1000
# columns: 1
 290.27915872348535
 267.94206912182267
 239.65007455347816
 209.14019652362057
 178.56333842059226
 149.2898251642722
 122.19701736067447
 97.817337396630279
 76.430822092586752
 58.12988483343544
 42.867732216956547
 30.495992278077914
 20.794612046314775
 13.495887093907447
 8.3038559316920502
 4.9099312010466472
 3.0054167761806525
 2.2914128040753674
 2.4865077417327965
 3.3325806856061786
 4.5989792783822807
 6.085292772745146
 7.6229032316164904
 9.0754684893495128
 10.338467366946116
 11.337920251677781
 12.028386394410944
 12.390333213406608
 12.426972609480847
 12.160664703848957
 11.62900000190078
 10.880685589866479
 9.9713775211110018
 8.9596169781949992
 7.9030381509120318
 6.8550166374344013
 5.8619144761108499
 4.9610489673683515
 4.1794670653205541
 3.5335483903101679
 3.0293942323077405
 2.6638960828705196
 2.4263246912418088
 2.3002472929180118
 2.2655709730131126
 2.3005241341566651
 2.3834215569722028
 2.4941044667129031
 2.6149971912470424
 2.7317690050594061
 2.8336282144201017
 2.9133026039405157
 2.9667755686146933
 2.9928519162145184
 2.9926237904213959
 2.9688981218571073
 2.9256349804580681
 2.8674332354301537
 2.7990875152169088
 2.7252295355380376
 2.6500579041990417
 2.5771536488603908
 2.5093738500265244
 2.4488126632897664
 2.3968173868637863
 2.3540467640362626
 2.3205591142114241
 2.2959189034896466
 2.2793117796236313
 2.2696597310954498
 2.2657297482776499
 2.2662310615957657
 2.2698976305892362
 2.2755540049272001
 2.2821639383997492
 2.2888621891208505
 2.2949707750009112
 2.3000015739600692
 2.3036475721943077
 2.3057652863324241
 2.3063509369813171
 2.3055128564456768
 2.3034423997221412
 2.3003853243060499
 2.2966152404590576
 2.2924103380876195
 2.2880341959227479
 2.2837210967180712
 2.2796659280139284
 2.2760184561815797
 2.2728815313772497
 2.2703126170124346
 2.2683279389462929
 2.2669085122819763
 2.2660073196082675
 2.265556973723498
 2.2654772890358528
 2.2656822974271198
 2.2660863654686252
 2.2666091908315638
 2.2671795686165876
 2.267737917206829
 2.26823763423761
 2.2686454144308486
 2.2689407021251662
 2.2691144735038233
 2.2691675489804308
 2.269108627828456
 2.2689522181629904
 2.2687166090879387
 2.2684220013191396
 2.2680888806475088
 2.2677366875214826
 2.2673828075955975
 2.2670418835780399
 2.2667254288817733
 2.2664417087638444
 2.2661958447726307
 2.2659900930641239
 2.2658242459320026
 2.265696108020276
 2.2656020033821549
 2.2655372760373149
 2.2654967542241136
 2.2654751564838445
 2.2654674254909701
 2.2654689827136556
 2.2654759032286425
 2.2654850151173065
 2.2654939317363092
 2.2655010277802372
 2.2655053715061921
 2.2655066258999219
 2.2655049310985942
 2.2655007792380002
 2.2654948912594488
 2.2654881032857923
 2.2654812681306158
 2.2654751754902334
 2.2654704925046949
 2.2654677247504642
 2.2654671964019402
 2.2654690472992716
 2.2654732439894962
 2.2654796014479377
 2.2654878121027959
 2.2654974789322302
 2.2655081497283036
 2.2655193500722399
 2.2655306130892945
 2.2655415046021643
 2.265551642839621
 2.2655607123503545
 2.265568472197808
 2.2655747588556965
 2.2655794844792414
 2.2655826313942717
 2.2655842437308191
 2.2655844171396491
 2.2655832874819728
 2.2655810192882333
 2.26557779465608
 2.2655738031136239
 2.2655692328244164
 2.2655642633655271
 2.2655590601776923
 2.2655537706725282
 2.2655485218901683
 2.2655434195322788
 2.2655385481507437
 2.2655339722491332
 2.2655297380499957
 2.2655258756926804
 2.2655224016499091
 2.2655193211830076
 2.2655166306922223
 2.2655143198562158
 2.2655123734915836
 2.265510773096596
 2.265509498071927
 2.2655085266342141
 2.2655078364552717
 2.2655074050709354
 2.2655072101091598
 2.2655072293880911
 2.2655074409318789
 2.2655078229463745
 2.2655083537892127
 2.2655090119602144
 2.2655097761292429
 2.265510625210315
 2.2655115384834059
 2.2655124957593524
 2.2655134775785641
 2.2655144654314525
 2.265515441986675
 2.2655163913132919
 2.2655172990837498
 2.2655181527463792
 2.2655189416585633
 2.2655196571743779
 2.2655202926834015
 2.2655208436001595
 2.2655213073061051
 2.2655216830482057
 2.2655219717998514
 2.2655221760909305
 2.265522299814688
 2.2655223480191058
 2.2655223266904181
 2.2655222425358823
 2.2655221027720547
 2.2655219149240078
 2.2655216866397283
 2.2655214255229508
 2.2655211389865637
 2.2655208341277722
 2.2655205176253341
 2.2655201956583633
 2.2655198738457383
 2.2655195572045663
 2.2655192501259456
 2.2655189563660008
 2.2655186790501567
 2.2655184206886112
 2.2655181832010256
 2.2655179679486253
 2.2655177757720386
 2.2655176070333951
 2.2655174616614095
 2.265517339198293
 2.2655172388475826
 2.2655171595220454
 2.2655170998909804
 2.265517058426362
 2.2655170334473245
 2.2655170231625452
 2.2655170257102286
 2.2655170391953598
 2.265517061723977
 2.2655170914342495
 2.2655171265242311
 2.2655171652761421
 2.2655172060771105
 2.2655172474363399
 2.2655172879987515
 2.265517326555154
 2.2655173620490316
 2.2655173935801627
 2.2655174204052226
 2.2655174419356467
 2.2655174577330079
 2.265517467502185
 2.2655174710826746
 2.2655174684383361
 2.2655174596459102
 2.2655174448826179
 2.2655174244131846
 2.2655173985765305
 2.2655173677724427
 2.2655173324484843
 2.2655172930873015
 2.2655172501945953
 2.2655172042878591
 2.2655171558860325
 2.2655171055001779
 2.2655170536252185
 2.2655170007328209
 2.2655169472653753
 2.2655168936311441
 2.2655168402004628
 2.2655167873030329
 2.2655167352261927
 2.265516684214091
 2.2655166344677355
 2.2655165861457744
 2.2655165393659362
 2.2655164942070662
 2.2655164507116097
 2.2655164088885122
 2.2655163687163813
 2.2655163301468928
 2.2655162931083144
 2.2655162575090841
 2.2655162232413883
 2.2655161901846679
 2.2655161582089924
 2.2655161271782687
 2.2655160969532591
 2.2655160673943144
 2.2655160383639021
 2.2655160097287945
 2.2655159813620056
 2.2655159531444067
 2.2655159249660577
 2.2655158967272344
 2.2655158683391865
 2.2655158397246273
 2.2655158108179529
 2.2655157815652651
 2.2655157519241635
 2.2655157218633581
 2.2655156913621264
 2.2655156604096387
 2.2655156290041658
 2.2655155971522096
 2.2655155648675764
 2.2655155321704057
 2.2655154990861757
 2.2655154656447292
 2.2655154318793116
 2.2655153978256188
 2.2655153635209566
 2.2655153290033718
 2.2655152943109247
 2.265515259481008
 2.2655152245497305
 2.265515189551413
 2.2655151545181482
 2.2655151194794443
 2.2655150844619567
 2.2655150494892911
 2.2655150145818919
 2.265514979756976
 2.2655149450285617
 2.2655149104075152
 2.2655148759016894
 2.265514841516064
 2.2655148072529556
 2.2655147731122276
 2.265514739091544
 2.2655147051866305
 2.2655146713915357
 2.2655146376989146
 2.2655146041002872
 2.2655145705863107
 2.2655145371470384
 2.2655145037721436
 2.2655144704511554
 2.2655144371736591
 2.2655144039294735
 2.2655143707088197
 2.2655143375024447
 2.2655143043017514
 2.2655142710988776
 2.2655142378867676
 2.2655142046592238
 2.2655141714109281
 2.2655141381374517
 2.2655141048352525
 2.2655140715016433
 2.2655140381347594
 2.2655140047335127
 2.2655139712975347
 2.2655139378271016
 2.2655139043230754
 2.2655138707868332
 2.2655138372201811
 2.2655138036252818
 2.2655137700045844
 2.2655137363607478
 2.2655137026965626
 2.2655136690149149
 2.2655136353186887
 2.2655136016107398
 2.2655135678938341
 2.2655135341706076
 2.2655135004435385
 2.2655134667149079
 2.2655134329867788
 2.2655133992609886
 2.2655133655391326
 2.2655133318225515
 2.2655132981123449
 2.2655132644093676
 2.26551323071424
 2.2655131970273623
 2.2655131633489174
 2.2655131296789106
 2.2655130960171626
 2.2655130623633517
 2.2655130287170206
 2.2655129950776063
 2.2655129614444491
 2.2655129278168329
 2.2655128941939817
 2.2655128605751025
 2.2655128269593821
 2.2655127933460184
 2.2655127597342211
 2.2655127261232346
 2.2655126925123468
 2.265512658900898
 2.2655126252882787
 2.2655125916739505
 2.2655125580574387
 2.2655125244383396
 2.2655124908163167
 2.2655124571911016
 2.2655124235624946
 2.2655123899303642
 2.2655123562946304
 2.2655123226552725
 2.2655122890123214
 2.2655122553658513
 2.2655122217159711
 2.2655121880628313
 2.2655121544066006
 2.2655121207474749
 2.2655120870856607
 2.2655120534213782
 2.2655120197548446
 2.2655119860862896
 2.2655119524159275
 2.2655119187439703
 2.2655118850706173
 2.2655118513960506
 2.2655118177204461
 2.2655117840439507
 2.2655117503667022
 2.2655117166888137
 2.2655116830103772
 2.2655116493314726
 2.2655116156521502
 2.2655115819724543
 2.2655115482924004
 2.2655115146119971
 2.2655114809312322
 2.2655114472500864
 2.2655114135685221
 2.2655113798864965
 2.2655113462039607
 2.2655113125208541
 2.2655112788371188
 2.2655112451526893
 2.2655112114674938
 2.2655111777814696
 2.2655111440945537
 2.2655111104066816
 2.2655110767177882
 2.2655110430278227
 2.265511009336731
 2.2655109756444642
 2.2655109419509842
 2.2655109082562506
 2.2655108745602366
 2.2655108408629152
 2.2655108071642669
 2.2655107734642765
 2.2655107397629362
 2.2655107060602413
 2.2655106723561875
 2.2655106386507833
 2.2655106049440312
 2.2655105712359398
 2.2655105375265241
 2.2655105038157948
 2.2655104701037656
 2.265510436390453
 2.2655104026758717
 2.2655103689600407
 2.2655103352429702
 2.2655103015246811
 2.2655102678051833
 2.2655102340844913
 2.2655102003626189
 2.2655101666395745
 2.2655101329153644
 2.2655100991900015
 2.2655100654634874
 2.2655100317358294
 2.2655099980070279
 2.2655099642770855
 2.2655099305459991
 2.2655098968137728
 2.2655098630803989
 2.265509829345878
 2.2655097956102019
 2.2655097618733637
 2.265509728135366
 2.2655096943961923
 2.2655096606558445
 2.2655096269143096
 2.2655095931715814
 2.2655095594276551
 2.2655095256825231
 2.2655094919361765
 2.2655094581886122
 2.2655094244398244
 2.2655093906898007
 2.2655093569385425
 2.265509323186043
 2.2655092894322997
 2.265509255677304
 2.2655092219210564
 2.265509188163553
 2.2655091544047909
 2.2655091206447691
 2.2655090868834846
 2.2655090531209385
 2.2655090193571246
 2.2655089855920472
 2.2655089518257023
 2.2655089180580914
 2.2655088842892162
 2.2655088505190739
 2.2655088167476638
 2.265508782974988
 2.2655087492010471
 2.2655087154258378
 2.2655086816493646
 2.2655086478716231
 2.2655086140926159
 2.2655085803123418
 2.2655085465307985
 2.2655085127479921
 2.2655084789639166
 2.2655084451785705
 2.2655084113919579
 2.2655083776040712
 2.2655083438149157
 2.2655083100244853
 2.2655082762327838
 2.2655082424398065
 2.2655082086455516
 2.2655081748500208
 2.2655081410532123
 2.2655081072551195
 2.2655080734557473
 2.2655080396550926
 2.2655080058531505
 2.2655079720499232
 2.2655079382454084
 2.2655079044396054
 2.26550787063251
 2.2655078368241237
 2.2655078030144442
 2.2655077692034706
 2.2655077353911994
 2.2655077015776346
 2.2655076677627703
 2.2655076339466076
 2.2655076001291468
 2.265507566310383
 2.2655075324903207
 2.2655074986689545
 2.2655074648462841
 2.2655074310223151
 2.2655073971970383
 2.2655073633704559
 2.2655073295425705
 2.2655072957133777
 2.2655072618828811
 2.2655072280510753
 2.2655071942179612
 2.2655071603835419
 2.2655071265478135
 2.2655070927107759
 2.2655070588724291
 2.2655070250327727
 2.2655069911918049
 2.2655069573495306
 2.265506923505944
 2.2655068896610433
 2.2655068558148335
 2.2655068219673127
 2.2655067881184778
 2.2655067542683329
 2.2655067204168735
 2.2655066865641
 2.2655066527100138
 2.2655066188546149
 2.2655065849978984
 2.26550655113987
 2.2655065172805293
 2.2655064834198702
 2.2655064495578943
 2.2655064156946056
 2.2655063818300025
 2.2655063479640827
 2.2655063140968448
 2.2655062802282941
 2.2655062463584246
 2.26550621248724
 2.265506178614737
 2.2655061447409186
 2.2655061108657826
 2.2655060769893307
 2.265506043111563
 2.2655060092324804
 2.2655059753520757
 2.2655059414703582
 2.2655059075873241
 2.2655058737029767
 2.2655058398173087
 2.2655058059303261
 2.2655057720420269
 2.2655057381524122
 2.2655057042614835
 2.2655056703692389
 2.2655056364756794
 2.265505602580804
 2.2655055686846173
 2.265505534787112
 2.2655055008882963
 2.2655054669881665
 2.265505433086723
 2.2655053991839678
 2.2655053652798998
 2.265505331374519
 2.2655052974678282
 2.2655052635598252
 2.2655052296505125
 2.2655051957398893
 2.2655051618279565
 2.2655051279147145
 2.2655050940001633
 2.2655050600843043
 2.2655050261671388
 2.2655049922486667
 2.2655049583288873
 2.2655049244078032
 2.2655048904854143
 2.2655048565617206
 2.265504822636724
 2.2655047887104245
 2.2655047547828207
 2.265504720853917
 2.2655046869237125
 2.2655046529922092
 2.2655046190594059
 2.2655045851253055
 2.2655045511899066
 2.2655045172532109
 2.2655044833152216
 2.2655044493759324
 2.2655044154353541
 2.2655043814934817
 2.2655043475503174
 2.2655043136058612
 2.2655042796601155
 2.2655042457130823
 2.2655042117647608
 2.265504177815151
 2.2655041438642565
 2.2655041099120763
 2.2655040759586127
 2.2655040420038675
 2.2655040080478401
 2.2655039740905321
 2.2655039401319454
 2.2655039061720825
 2.2655038722109415
 2.2655038382485255
 2.2655038042848377
 2.2655037703198744
 2.2655037363536414
 2.265503702386138
 2.2655036684173662
 2.2655036344473256
 2.2655036004760207
 2.2655035665034493
 2.2655035325296167
 2.2655034985545219
 2.2655034645781651
 2.2655034306005519
 2.2655033966216824
 2.2655033626415548
 2.2655033286601753
 2.2655032946775422
 2.2655032606936585
 2.2655032267085238
 2.265503192722143
 2.2655031587345174
 2.2655031247456439
 2.2655030907555309
 2.2655030567641754
 2.2655030227715818
 2.2655029887777469
 2.265502954782681
 2.2655029207863802
 2.265502886788846
 2.2655028527900818
 2.2655028187900892
 2.2655027847888696
 2.2655027507864278
 2.2655027167827622
 2.265502682777873
 2.2655026487717702
 2.2655026147644461
 2.2655025807559079
 2.26550254674616
 2.2655025127351962
 2.2655024787230271
 2.2655024447096488
 2.2655024106950687
 2.2655023766792857
 2.2655023426623022
 2.2655023086441206
 2.2655022746247422
 2.2655022406041718
 2.2655022065824078
 2.2655021725594566
 2.2655021385353185
 2.2655021045099946
 2.2655020704834903
 2.2655020364558029
 2.2655020024269397
 2.2655019683969009
 2.2655019343656901
 2.2655019003333075
 2.2655018662997572
 2.2655018322650426
 2.2655017982291668
 2.2655017641921269
 2.2655017301539293
 2.2655016961145802
 2.2655016620740738
 2.2655016280324194
 2.2655015939896148
 2.265501559945668
 2.2655015259005791
 2.2655014918543492
 2.2655014578069816
 2.2655014237584825
 2.2655013897088496
 2.2655013556580927
 2.2655013216062048
 2.265501287553195
 2.2655012534990666
 2.2655012194438187
 2.2655011853874583
 2.2655011513299863
 2.2655011172714068
 2.2655010832117175
 2.2655010491509291
 2.2655010150890398
 2.2655009810260536
 2.2655009469619731
 2.2655009128968047
 2.2655008788305455
 2.2655008447632055
 2.265500810694784
 2.265500776625283
 2.2655007425547078
 2.2655007084830614
 2.2655006744103465
 2.265500640336565
 2.2655006062617233
 2.2655005721858221
 2.2655005381088675
 2.265500504030856
 2.2655004699518009
 2.2655004358716999
 2.2655004017905589
 2.2655003677083756
 2.2655003336251602
 2.2655002995409119
 2.2655002654556364
 2.2655002313693382
 2.2655001972820168
 2.2655001631936806
 2.2655001291043289
 2.2655000950139668
 2.265500060922601
 2.2655000268302308
 2.2654999927368626
 2.2654999586424989
 2.2654999245471452
 2.2654998904508021
 2.2654998563534745
 2.265499822255169
 2.2654997881558874
 2.2654997540556323
 2.2654997199544096
 2.2654996858522214
 2.2654996517490726
 2.26549961764497
 2.2654995835399134
 2.2654995494339079
 2.2654995153269559
 2.2654994812190665
 2.2654994471102401
 2.2654994130004815
 2.2654993788897961
 2.265499344778183
 2.2654993106656551
 2.2654992765522075
 2.2654992424378508
 2.265499208322586
 2.2654991742064197
 2.2654991400893545
 2.265499105971398
 2.2654990718525494
 2.2654990377328148
 2.2654990036122018
 2.2654989694907104
 2.265498935368349
 2.265498901245119
 2.2654988671210288
 2.2654988329960766
 2.2654987988702726
 2.2654987647436187
 2.2654987306161214
 2.2654986964877835
 2.2654986623586137
 2.2654986282286083
 2.2654985940977816
 2.2654985599661317
 2.2654985258336664
 2.2654984917003906
 2.2654984575663066
 2.265498423431425
 2.2654983892957437
 2.2654983551592713
 2.2654983210220117
 2.2654982868839699
 2.2654982527451533
 2.2654982186055621
 2.2654981844652071
 2.2654981503240914
 2.2654981161822159
 2.2654980820395907
 2.2654980478962221
 2.2654980137521092
 2.2654979796072618
 2.2654979454616835
 2.2654979113153799
 2.2654978771683592
 2.2654978430206207
 2.2654978088721744
 2.2654977747230234
 2.265497740573176
 2.2654977064226349
 2.265497672271406
 2.2654976381194971
 2.265497603966911
 2.2654975698136539
 2.2654975356597316
 2.2654975015051511
 2.2654974673499146
 2.2654974331940316
 2.2654973990375047
 2.265497364880344
 2.2654973307225492
 2.2654972965641336
 2.2654972624050944
 2.2654972282454438
 2.2654971940851847
 2.2654971599243252
 2.2654971257628698
 2.2654970916008232
 2.2654970574381954
 2.2654970232749889
 2.2654969891112122
 2.2654969549468689
 2.2654969207819646
 2.2654968866165097
 2.2654968524505077
 2.2654968182839652
 2.2654967841168849
 2.2654967499492797
 2.2654967157811519
 2.2654966816125093
 2.2654966474433555
 2.2654966132737009
 2.2654965791035506
 2.2654965449329088
 2.2654965107617842
 2.2654964765901826
 2.2654964424181099
 2.2654964082455762
 2.2654963740725833
 2.2654963398991401
 2.2654963057252555
 2.2654962715509317
 2.2654962373761771
 2.2654962032010015
 2.2654961690254098
 2.2654961348494056
 2.2654961006730003
 2.2654960664961967
 2.2654960323190076
 2.2654959981414344
 2.2654959639634877
 2.2654959297851716
 2.2654958956064939
 2.265495861427465
 2.2654958272480874
 2.2654957930683719
 2.2654957588883247
 2.2654957247079506
 2.2654956905272585
 2.2654956563462583
 2.2654956221649529
 2.2654955879833545
 2.2654955538014669
 2.265495519619297
 2.2654954854368543
 2.265495451254147
 2.2654954170711807
 2.2654953828879627
 2.265495348704504
 2.265495314520809
 2.2654952803368857
 2.2654952461527427
 2.2654952119683882
 2.2654951777838281
 2.265495143599074
 2.2654951094141289
 2.2654950752290031
 2.2654950410437071
 2.2654950068582433
 2.2654949726726237
 2.2654949384868539
 2.2654949043009456
 2.2654948701149045
 2.2654948359287368
 2.2654948017424541
 2.2654947675560648
 2.2654947333695739
 2.2654946991829936
 2.2654946649963277
 2.2654946308095867
 2.2654945966227817
 2.2654945624359195
 2.2654945282490067
 2.2654944940620516
 2.265494459875065
 2.2654944256880549
 2.265494391501031
 2.265494357313997
 2.2654943231269691
 2.2654942889399501
 2.2654942547529537
 2.2654942205659845
 2.2654941863790521
 2.2654941521921663
 2.2654941180053352
 2.2654940838185706
 2.2654940496318763
 2.2654940154452672
 2.26549398125875
 2.2654939470723345
 2.2654939128860239
 2.265493878699838
 2.265493844513776
 2.265493810327853
 2.2654937761420779
 2.2654937419564587
 2.2654937077710056
 2.2654936735857274
 2.2654936394006349
 2.2654936052157355
 2.2654935710310418
 2.2654935368465599
 2.2654935026623018
 2.2654934684782755
 2.2654934342944948
 2.2654934001109632
 2.2654933659276959
 2.2654933317446995
 2.2654932975619868
 2.2654932633795637
 2.2654932291974452
 2.2654931950156394
 2.2654931608341533
 2.265493126652999
 2.2654930924721883
 2.2654930582917316
 2.2654930241116364
 2.2654929899319152
 2.2654929557525767
 2.2654929215736317
 2.265492887395093
 2.2654928532169678
 2.2654928190392698
 2.2654927848620057
 2.2654927506851892
 2.2654927165088314
 2.2654926823329387
 2.2654926481575259
 2.2654926139826013
 2.265492579808178
 2.2654925456342689
 2.2654925114608773
 2.2654924772880221
 2.26549244311571
 2.2654924089439534
 2.2654923747727631
 2.2654923406021479
 2.2654923064321246
 2.2654922722626978
 2.2654922380938869
 2.2654922039256942
 2.2654921697581383
 2.2654921355912268
 2.2654921014249716
 2.2654920672593861
 2.2654920330944761


