# Created by Octave 5.1.0, Thu Jun 11 15:24:04 2020 GMT <unknown@OKONKWO>
# name: Loss_Data
# type: matrix
# rows: 1000
# columns: 5
 290.27915872348535 290.27915872348535 290.27915872348535 290.27915872348535 290.27915872348535
 169.78324893895578 169.78324893895578 13070141.239091 289.03773099896597 267.94206912182267
 99.760638215439656 41.404366528958526 594405435684.99817 288.13970291844856 239.65007455347816
 59.069069563435001 4.2643160535004982 27032328243848552 287.38930834095231 209.14019652362057
 35.422355221251514 62.505804016434681 1.2293743316627651e+21 286.72431019727316 178.56333842059226
 21.68074611713859 139.72000307288687 5.5909399796164698e+25 286.11581627763383 149.2898251642722
 13.695191479911312 158.84838665189329 2.542643770137091e+30 285.54772474212803 122.19701736067447
 9.0545950470998804 107.46329544823473 1.1563417538709549e+35 285.0100196478071 97.817337396630279
 6.3578206293691419 35.930050856646062 5.2588029335830395e+39 284.49599369636434 76.430822092586752
 4.7906400054643932 2.7583958600615457 2.3915947168459493e+44 284.00091072631108 58.12988483343544
 3.8798888953292923 23.448400987249162 1.0876477711531909e+49 283.52129029589776 42.867732216956547
 3.350602086414149 65.479251167503236 4.9463969198536459e+53 283.05449406215678 30.495992278077914
 3.0429918024660663 84.91619632655194 2.2495189286138452e+58 282.59847181637048 20.794612046314775
 2.8642021756350493 65.731862929126777 1.0230346436374756e+63 282.15159787750525 13.495887093907447
 2.7602728067192985 28.031606864697363 4.6525497908451528e+67 281.71256147189365 8.3038559316920502
 2.6998462301171089 4.1261088998995659 2.1158833369834446e+72 281.28029083776306 4.9099312010466472
 2.664699996337577 8.8195710127939755 9.6225994282394101e+76 280.85389919860705 3.0054167761806525
 2.644244676066918 30.169681459539415 4.3761590319229359e+81 280.4326453748746 2.2914128040753674
 2.6323265404527971 44.653068598694908 1.9901865411209983e+86 280.01590446592479 2.4865077417327965
 2.6253695347649497 39.258025446226384 9.0509564199240676e+90 279.60314562691656 3.3325806856061786
 2.6212955421833382 20.481735000184667 4.1161876247651823e+95 279.19391495040333 4.5989792783822807
 2.6188969275223775 5.1017754024994826 1.871956926560051e+100 278.78782208974633 6.085292772745146
 2.6174719098583807 3.9984961792688796 8.5132726064596374e+104 278.38452967140375 7.6229032316164904
 2.6166126702814823 14.046279633909185 3.8716601564694702e+109 277.98374481725375 9.0754684893495128
 2.6160822170786839 23.406229225215814 1.7607508957036561e+114 277.58521228517958 10.338467366946116
 2.6157428296326071 23.192433175250635 8.0075305977999596e+118 277.18870886620635 11.337920251677781
 2.615514475742053 14.422639301681061 3.6416591598028336e+123 276.79403876843145 12.028386394410944
 2.6153506470965473 5.2639069684410833 1.6561512034458512e+128 276.40102978400068 12.390333213406608
 2.6152243167880047 2.7492253105180819 7.531832849573001e+132 276.00953008343328 12.426972609480847
 2.6151197789403215 7.0291933051200912 3.4253216708640795e+137 275.61940551702918 12.160664703848957
 2.6150279065551776 12.544207578559231 1.5577653916677465e+142 275.23053732952894 11.62900000190078
 2.6149433957515087 13.809660644018667 7.0843945434929598e+146 274.84282021413543 10.880685589866479
 2.6148631643380376 10.039166740318009 3.2218359912426081e+151 274.45616064719763 9.9713775211110018
 2.6147854211917965 4.9119500469258739 1.4652243167343796e+156 274.07047545655291 8.9596169781949992
 2.6147091254553954 2.6038965962941747 6.6635368907208421e+160 273.68569058558415 7.9030381509120318
 2.6146336722657511 4.1526955001552146 3.0304386425254151e+165 273.30174002216307 6.8550166374344013
 2.6145587101247783 7.1712406086897165 1.3781807644675362e+170 272.91856486723253 5.8619144761108499
 2.6144840347698612 8.515744134347063 6.2676808330475642e+174 272.5361125222496 4.9610489673683515
 2.6144095274998427 7.0879849466697156 2.8504115017255525e+179 272.1543359782533 4.1794670653205541
 2.6143351193350464 4.3734539190705579 1.2963081473979188e+184 271.77319319220612 3.5335483903101679
 2.614260770189941 2.6898843212980372 5.8953411182664431e+188 271.39264653857595 3.0293942323077405
 2.6141864567699531 3.064164091632628 2.6810791068841789e+193 271.01266232601796 2.6638960828705196
 2.6141121655380815 4.6058662469939993 1.2192992794087196e+198 270.6332103705862 2.4263246912418088
 2.6140378886276343 5.6234580944035235 5.5451207275058107e+202 270.25426361817591 2.3002472929180118
 2.6139636214670565 5.2069434117294708 2.5218061227367861e+207 269.87579780996862 2.2655709730131126
 2.6138893613996617 3.8482435405188951 1.1468652231730998e+212 269.49779118554096 2.3005241341566651
 2.6138151068815283 2.7568409849454727 5.2157056336133335e+216 269.12022421903686 2.3834215569722028
 2.6137408570153911 2.6980261350237362 2.3719949569348764e+221 268.7430793844394 2.4941044667129031
 2.6136666112797595 3.4281151675337918 1.0787342060611393e+226 268.36634094649241 2.6149971912470424
 2.6135923693715228 4.091412495001018 4.905859870925117e+230 267.98999477428868 2.7317690050594061
 2.6135181311144771 4.0600591231690712 2.2310835178790432e+235 267.61402817491199 2.8336282144201017
 2.613443896406149 3.4214931530624932 1.0146506004487339e+240 267.23842974485399 2.9133026039405157
 2.6133696651869363 2.7677248841383286 4.6144208979217247e+244 266.86318923720847 2.9667755686146933
 2.6132954374221313 2.5974976017260532 2.0985431057508705e+249 266.48829744288821 2.9928519162145184
 2.613221213091498 2.9110791454491993 9.543739646025702e+253 266.11374608431601 2.9926237904213959
 2.6131469921832164 3.3041746253071418 4.3402952353715352e+258 265.73952772023222 2.9688981218571073
 2.613072774690349 3.3866033400319631 1.9738764288308745e+263 265.36563566041144 2.9256349804580681
 2.6129985606087951 3.1095277187098431 8.9767814054257694e+267 264.99206388922079 2.8674332354301537
 2.6129243499361152 2.741533637126921 4.0824543635959448e+272 264.61880699707871 2.7990875152169088
 2.6128501426708151 2.5805289499797532 1.8566157376596026e+277 264.24586011897571 2.7252295355380376
 2.6127759388119705 2.695591307786136 8.4435040549701876e+281 263.87321887930619 2.6500579041990417
 2.6127017383589797 2.9116532427149426 3.8399308634627667e+286 263.50087934235501 2.5771536488603908
 2.6126275413114159 3.0038494846278225 1.7463210700413383e+291 263.12883796784274 2.5093738500265244
 2.6125533476689782 2.897130284178258 7.9419067376651366e+295 262.75709157100516 2.4488126632897664
 2.6124791574314181 2.7011212827484763 3.6118147866290054e+300 262.38563728673768 2.3968173868637863
 2.6124049705985306 2.5820141496116236 1.6425786003056377e+305 262.01447253737996 2.3540467640362626
 2.6123307871701256 2.6109224292230087 Inf 261.6435950037735 2.3205591142114241
 2.6122566071460356 2.7215720481527161 Inf 261.27300259924675 2.2959189034896466
 2.612182430526091 2.7923753132585816 Inf 260.90269344623596 2.2793117796236313
 2.6121082573101315 2.7597603960764454 Inf 260.53266585526677 2.2696597310954498
 2.6120340874979928 2.660858198600446 Inf 260.16291830605974 2.2657297482776499
 2.6119599210895239 2.5828236555775095 Inf 259.79344943053906 2.2662310615957657
 2.6118857580845614 2.579440319348536 Inf 259.42425799755569 2.2698976305892362
 2.6118115984829502 2.631835742783418 Inf 259.05534289914982 2.2755540049272001
 2.6117374422845341 2.6781886480684878 Inf 258.68670313819115 2.2821639383997492
 2.6116632894891585 2.6741649914625287 Inf 258.31833781726851 2.2888621891208505
 2.6115891400966635 2.6270713603444351 Inf 257.95024612869236 2.2949707750009112
 2.6115149941068987 2.5798004202493177 Inf 257.58242734550061 2.3000015739600692
 2.6114408515196996 2.567700976360094 Inf 257.21488081337174 2.3036475721943077
 2.6113667123349154 2.5900353047373907 Inf 256.84760594334665 2.3057652863324241
 2.6112925765523896 2.6174192567959746 Inf 256.48060220528026 2.3063509369813171
 2.6112184441719668 2.6221082845854191 Inf 256.11386912195371 2.3055128564456768
 2.6111443151934877 2.6011445301433982 Inf 255.74740626377184 2.3034423997221412
 2.6110701896167967 2.5741219513168776 Inf 255.38121324399694 2.3003853243060499
 2.6109960674417407 2.5622840333216623 Inf 255.01528971445717 2.2966152404590576
 2.6109219486681634 2.5701989393340972 Inf 254.64963536168588 2.2924103380876195
 2.6108478332959044 2.5850380972009579 Inf 254.28424990344826 2.2880341959227479
 2.6107737213248114 2.59072416102167 Inf 253.91913308561536 2.2837210967180712
 2.6106996127547282 2.5821436152195751 Inf 253.55428467935087 2.2796659280139284
 2.6106255075854969 2.5673774756928003 Inf 253.18970447858067 2.2760184561815797
 2.610551405816961 2.5583376984340216 Inf 252.82539229771473 2.2728815313772497
 2.6104773074489693 2.5599403735614894 Inf 252.46134796959649 2.2703126170124346
 2.6104032124813621 2.567260823863899 Inf 252.09757134366066 2.2683279389462929
 2.610329120913979 2.5715627465992186 Inf 251.73406228427072 2.2669085122819763
 2.6102550327466707 2.5684102318581292 Inf 251.3708206692267 2.2660073196082675
 2.6101809479792797 2.5605982150220896 Inf 251.0078463884204 2.265556973723498
 2.6101068666116487 2.5544045003194182 Inf 250.64513934262575 2.2654772890358528
 2.6100327886436228 2.5536056516192072 Inf 250.28269944240981 2.2656822974271198
 2.6099587140750447 2.5567483925766017 Inf 249.92052660715356 2.2660863654686252
 2.6098846429057607 2.5593682555514548 Inf 249.55862076416932 2.2666091908315638
 2.6098105751356115 2.5583368706062348 Inf 249.19698184790713 2.2671795686165876
 2.6097365107644426 2.5542524698757556 Inf 248.83560979924263 2.267737917206829
 2.6096624497920988 2.5502212635481225 Inf 248.47450456483105 2.26823763423761
 2.609588392218424 2.5487472078718434 Inf 248.11366609653155 2.2686454144308486
 2.6095143380432617 2.549723019681049 Inf 247.75309435088502 2.2689407021251662
 2.6094402872664557 2.5510142083918756 Inf 247.39278928864658 2.2691144735038233
 2.6093662398878497 2.5506489090731801 Inf 247.03275087436336 2.2691675489804308
 2.6092921959072881 2.548454213946052 Inf 246.67297907599516 2.269108627828456
 2.609218155324617 2.54585862984041 Inf 246.31347386457315 2.2689522181629904
 2.6091441181396777 2.5443763366692362 Inf 245.95423521389199 2.2687166090879387
 2.609070084352318 2.544307088874715 Inf 245.59526310023378 2.2684220013191396
 2.6089960539623771 2.5447115851935203 Inf 245.23655750211924 2.2680888806475088
 2.6089220269697009 2.5444408052511491 Inf 244.87811840008277 2.2677366875214826
 2.6088480033741344 2.5431474858569216 Inf 244.51994577647179 2.2673828075955975
 2.6087739831755221 2.5414266812256163 Inf 244.16203961526449 2.2670418835780399
 2.6086999663737074 2.5401318536494037 Inf 243.80439990190732 2.2667254288817733
 2.6086259529685321 2.5396022107577401 Inf 243.44702662316709 2.2664417087638444
 2.6085519429598429 2.5394723696857731 Inf 243.08991976699926 2.2661958447726307
 2.6084779363474846 2.5391148575762648 Inf 242.73307932242926 2.2659900930641239
 2.608403933131298 2.5382205280740808 Inf 242.37650527944416 2.2658242459320026
 2.6083299333111332 2.5369992332180846 Inf 242.02019762889699 2.265696108020276
 2.6082559368868306 2.5359029829768795 Inf 241.66415636242013 2.2656020033821549
 2.6081819438582325 2.535196719515981 Inf 241.30838147234667 2.2655372760373149
 2.6081079542251846 2.5347690870889981 Inf 240.95287295164084 2.2654967542241136
 2.6080339679875322 2.534297818012397 Inf 240.59763079383336 2.2654751564838445
 2.6079599851451172 2.5335623179746602 Inf 240.24265499296664 2.2654674254909701
 2.6078860056977891 2.5326108072324125 Inf 239.88794554354087 2.2654689827136556
 2.6078120296453857 2.5316681270432193 Inf 239.53350244047064 2.2654759032286425
 2.607738056987754 2.5309115436715124 Inf 239.17932567904086 2.2654850151173065
 2.6076640877247392 2.530329458309605 Inf 238.82541525487164 2.2654939317363092
 2.6075901218561821 2.5297669010319228 Inf 238.47177116388332 2.2655010277802372
 2.6075161593819325 2.529083796920732 Inf 238.11839340226621 2.2655053715061921
 2.6074422003018274 2.5282705687653433 Inf 237.76528196645373 2.2655066258999219
 2.6073682446157185 2.5274312976016984 NaN 237.41243685309851 2.2655049310985942
 2.607294292323445 2.526673861665766 NaN 237.05985805904905 2.2655007792380002
 2.6072203434248533 2.5260177476452883 NaN 236.70754558133078 2.2654948912594488
 2.6071463979197875 2.5253942329776913 NaN 236.35549941712745 2.2654881032857923
 2.6070724558080918 2.5247212330933371 NaN 236.00371956376569 2.2654812681306158
 2.6069985170896084 2.5239752516358882 NaN 235.65220601870072 2.2654751754902334
 2.6069245817641851 2.5232000615391339 NaN 235.30095877950265 2.2654704925046949
 2.606850649831661 2.5224567867645926 NaN 234.94997784384449 2.2654677247504642
 2.6067767212918875 2.5217687844461292 NaN 234.59926320949322 2.2654671964019402
 2.6067027961447029 2.521108983906712 NaN 234.24881487429801 2.2654690472992716
 2.6066288743899553 2.5204323353608946 NaN 233.89863283618388 2.2654732439894962
 2.606554956027487 2.5197173219666262 NaN 233.54871709314239 2.2654796014479377
 2.606481041057144 2.5189796636527237 NaN 233.19906764322553 2.2654878121027959
 2.606407129478769 2.5182518925244506 NaN 232.8496844845389 2.2654974789322302
 2.6063332212922026 2.5175525776837104 NaN 232.50056761523726 2.2655081497283036
 2.6062593164973 2.5168732235816496 NaN 232.15171703351797 2.2655193500722399
 2.6061854150938943 2.5161905769806046 NaN 231.80313273761703 2.2655306130892945
 2.6061115170818372 2.5154890940467496 NaN 231.45481472580585 2.2655415046021643
 2.60603762246097 2.5147726135721098 NaN 231.10676299638649 2.265551642839621
 2.605963731231137 2.5140574029777141 NaN 230.75897754768818 2.2655607123503545
 2.605889843392184 2.5133560041124698 NaN 230.41145837806556 2.265568472197808
 2.6058159589439516 2.5126673047310764 NaN 230.0642054858952 2.2655747588556965
 2.6057420778862888 2.5119800592428518 NaN 229.71721886957249 2.2655794844792414
 2.6056682002190388 2.5112843221202383 NaN 229.37049852751113 2.2655826313942717
 2.6055943259420449 2.5105796095375257 NaN 229.02404445814031 2.2655842437308191
 2.6055204550551543 2.5098735001333798 NaN 228.67785665990178 2.2655844171396491
 2.6054465875582062 2.5091736761003682 NaN 228.33193513125059 2.2655832874819728
 2.6053727234510475 2.5084813897813811 NaN 227.98627987065186 2.2655810192882333
 2.6052988627335263 2.5077916167773666 NaN 227.64089087658022 2.26557779465608
 2.6052250054054809 2.5070984954006823 NaN 227.29576814751849 2.2655738031136239
 2.6051511514667607 2.5064004423048662 NaN 226.95091168195688 2.2655692328244164
 2.6050773009172072 2.5057006742490811 NaN 226.60632147839129 2.2655642633655271
 2.6050034537566678 2.5050035669791151 NaN 226.26199753532376 2.2655590601776923
 2.6049296099849819 2.5043107251148768 NaN 225.91793985126026 2.2655537706725282
 2.6048557696019987 2.5036201455972469 NaN 225.57414842471127 2.2655485218901683
 2.6047819326075632 2.5029285951949642 NaN 225.23062325419005 2.2655434195322788
 2.6047080990015132 2.5022345782795421 NaN 224.8873643382131 2.2655385481507437
 2.6046342687837032 2.5015392698103649 NaN 224.54437167529889 2.2655339722491332
 2.6045604419539683 2.500845010130087 NaN 224.20164526396783 2.2655297380499957
 2.6044866185121602 2.5001530992789704 NaN 223.85918510274163 2.2655258756926804
 2.6044127984581187 2.4994628914851429 NaN 223.51699119014347 2.2655224016499091
 2.6043389817916904 2.4987727094834549 NaN 223.17506352469653 2.2655193211830076
 2.6042651685127192 2.4980814587025213 NaN 222.83340210492426 2.2655166306922223
 2.6041913586210503 2.4973894415633415 NaN 222.49200692935176 2.2655143198562158
 2.6041175521165276 2.4966978343685682 NaN 222.15087799650229 2.2655123734915836
 2.6040437489989952 2.4960075238008983 NaN 221.81001530489976 2.265510773096596
 2.6039699492682997 2.4953184098476107 NaN 221.46941885306708 2.265509498071927
 2.6038961529242823 2.4946296767431981 NaN 221.1290886395266 2.2655085266342141
 2.6038223599667925 2.4939406185825583 NaN 220.78902466280013 2.2655078364552717
 2.6037485703956702 2.4932512151449027 NaN 220.44922692140804 2.2655074050709354
 2.6036747842107624 2.4925620178181362 NaN 220.10969541386973 2.2655072101091598
 2.6036010014119131 2.491873573285639 NaN 219.77043013870335 2.2655072293880911
 2.6035272219989674 2.4911859607674405 NaN 219.43143109442582 2.2655074409318789
 2.6034534459717689 2.4904988130595385 NaN 219.09269827955208 2.2655078229463745
 2.6033796733301622 2.4898117116288785 NaN 218.75423169259622 2.2655083537892127
 2.6033059040739923 2.4891245501536545 NaN 218.41603133207025 2.2655090119602144
 2.6032321382031065 2.4884375646829842 NaN 218.07809719648449 2.2655097761292429
 2.6031583757173431 2.4877510682168555 NaN 217.74042928434778 2.265510625210315
 2.6030846166165533 2.4870651705982088 NaN 217.40302759416684 2.2655115384834059
 2.60301086090058 2.4863797236764662 NaN 217.06589212444652 2.2655124957593524
 2.6029371085692641 2.485694495368532 NaN 216.72902287368996 2.2655134775785641
 2.6028633596224555 2.4850093817430983 NaN 216.39241984039822 2.2655144654314525
 2.6027896140599953 2.4843244703254777 NaN 216.05608302306999 2.265515441986675
 2.6027158718817303 2.4836399292872113 NaN 215.72001242020269 2.2655163913132919
 2.6026421330875036 2.4829558494252737 NaN 215.38420803029064 2.2655172990837498
 2.6025683976771616 2.4822721816978714 NaN 215.04866985182713 2.2655181527463792
 2.6024946656505481 2.4815888050488342 NaN 214.71339788330206 2.2655189416585633
 2.6024209370075067 2.4809056423359981 NaN 214.37839212320441 2.2655196571743779
 2.6023472117478854 2.4802227170637057 NaN 214.0436525700201 2.2655202926834015
 2.6022734898715223 2.4795401141288944 NaN 213.70917922223325 2.2655208436001595
 2.6021997713782712 2.478857896053988 NaN 213.3749720783257 2.2655213073061051
 2.6021260562679691 2.4781760540901465 NaN 213.04103113677641 2.2655216830482057
 2.6020523445404655 2.4774945289662931 NaN 212.70735639606298 2.2655219717998514
 2.601978636195605 2.4768132704817867 NaN 212.37394785466012 2.2655221760909305
 2.6019049312332294 2.4761322781034827 NaN 212.04080551104033 2.265522299814688
 2.601831229653182 2.4754515918013453 NaN 211.70792936367403 2.2655223480191058
 2.6017575314553172 2.4747712503363832 NaN 211.37531941102884 2.2655223266904181
 2.6016838366394683 2.4740912585026602 NaN 211.0429756515706 2.2655222425358823
 2.6016101452054849 2.4734115893584412 NaN 210.710898083762 2.2655221027720547
 2.6015364571532138 2.4727322129088973 NaN 210.37908670606427 2.2655219149240078
 2.6014627724824972 2.4720531219279978 NaN 210.04754151693575 2.2655216866397283
 2.6013890911931816 2.471374333598904 NaN 209.71626251483195 2.2655214255229508
 2.6013154132851102 2.4706958701780888 NaN 209.38524969820671 2.2655211389865637
 2.601241738758127 2.470017739040371 NaN 209.0545030655114 2.2655208341277722
 2.601168067612079 2.4693399291184721 NaN 208.72402261519417 2.2655205176253341
 2.6010943998468123 2.4686624236365846 NaN 208.39380834570153 2.2655201956583633
 2.6010207354621673 2.4679852152600992 NaN 208.06386025547735 2.2655198738457383
 2.6009470744579923 2.4673083103747118 NaN 207.73417834296313 2.2655195572045663
 2.6008734168341325 2.4666317209369333 NaN 207.40476260659727 2.2655192501259456
 2.6007997625904302 2.4659554531575885 NaN 207.07561304481644 2.2655189563660008
 2.6007261117267326 2.4652795032017871 NaN 206.74672965605461 2.2655186790501567
 2.6006524642428834 2.464603862213028 NaN 206.41811243874301 2.2655184206886112
 2.6005788201387277 2.4639285246357128 NaN 206.0897613913107 2.2655181832010256
 2.6005051794141076 2.4632534921624472 NaN 205.76167651218384 2.2655179679486253
 2.6004315420688733 2.4625787707950999 NaN 205.43385779978678 2.2655177757720386
 2.60035790810287 2.4619043648163363 NaN 205.10630525254055 2.2655176070333951
 2.6002842775159367 2.4612302733630043 NaN 204.77901886886406 2.2655174616614095
 2.6002106503079214 2.4605564920083003 NaN 204.45199864717358 2.265517339198293
 2.6001370264786705 2.4598830170613537 NaN 204.12524458588285 2.2655172388475826
 2.6000634060280237 2.459209848427323 NaN 203.79875668340324 2.2655171595220454
 2.599989788955833 2.4585369888797581 NaN 203.47253493814353 2.2655170998909804
 2.5999161752619409 2.4578644410429709 NaN 203.14657934850931 2.265517058426362
 2.5998425649461918 2.4571922050745134 NaN 202.82088991290442 2.2655170334473245
 2.5997689580084291 2.4565202788770595 NaN 202.49546662973 2.2655170231625452
 2.5996953544484991 2.4558486601795955 NaN 202.17030949738412 2.2655170257102286
 2.5996217542662481 2.4551773483706003 NaN 201.84541851426295 2.2655170391953598
 2.5995481574615233 2.4545063445780628 NaN 201.52079367875922 2.265517061723977
 2.5994745640341606 2.4538356502617327 NaN 201.19643498926362 2.2655170914342495
 2.5994009739840118 2.4531652657921561 NaN 200.8723424441641 2.2655171265242311
 2.5993273873109235 2.4524951902221908 NaN 200.54851604184626 2.2655171652761421
 2.5992538040147348 2.4518254222178464 NaN 200.22495578069277 2.2655172060771105
 2.5991802240952961 2.4511559611400293 NaN 199.90166165908349 2.2655172474363399
 2.5991066475524485 2.4504868073325361 NaN 199.57863367539605 2.2655172879987515
 2.5990330743860417 2.4498179615232925 NaN 199.25587182800544 2.265517326555154
 2.5989595045959177 2.4491494240142453 NaN 198.93337611528349 2.2655173620490316
 2.5988859381819203 2.4484811943860234 NaN 198.61114653559994 2.2655173935801627
 2.5988123751438956 2.4478132718695957 NaN 198.28918308732159 2.2655174204052226
 2.5987388154816919 2.4471456559435119 NaN 197.96748576881282 2.2655174419356467
 2.5986652591951471 2.4464783466081612 NaN 197.64605457843507 2.2655174577330079
 2.5985917062841133 2.4458113441661826 NaN 197.32488951454664 2.265517467502185
 2.5985181567484337 2.4451446487887942 NaN 197.00399057550456 2.2655174710826746
 2.5984446105879524 2.4444782602758894 NaN 196.68335775966165 2.2655174684383361
 2.5983710678025171 2.4438121781762407 NaN 196.36299106536887 2.2655174596459102
 2.5982975283919649 2.4431464020975633 NaN 196.04289049097414 2.2655174448826179
 2.5982239923561505 2.4424809319078782 NaN 195.72305603482286 2.2655174244131846
 2.5981504596949181 2.4418157676782664 NaN 195.40348769525798 2.2655173985765305
 2.5980769304081051 2.4411509094646879 NaN 195.08418547061865 2.2655173677724427
 2.5980034044955613 2.4404863571440956 NaN 194.76514935924283 2.2655173324484843
 2.5979298819571377 2.4398221104333779 NaN 194.44637935946417 2.2655172930873015
 2.5978563627926694 2.4391581690402702 NaN 194.12787546961479 2.2655172501945953
 2.5977828470020068 2.4384945327934462 NaN 193.80963768802334 2.2655172042878591
 2.5977093345849931 2.4378312016455457 NaN 193.49166601301599 2.2655171558860325
 2.5976358255414751 2.4371681755707399 NaN 193.17396044291627 2.2655171055001779
 2.5975623198712987 2.4365054544635956 NaN 192.85652097604458 2.2655170536252185
 2.5974888175743076 2.4358430381246245 NaN 192.53934761071858 2.2655170007328209
 2.597415318650349 2.4351809263282846 NaN 192.22244034525372 2.2655169472653753
 2.5973418230992631 2.4345191189001829 NaN 191.90579917796177 2.2655168936311441
 2.5972683309209001 2.4338576157363652 NaN 191.58942410715252 2.2655168402004628
 2.5971948421151065 2.433196416759368 NaN 191.27331513113216 2.2655167873030329
 2.5971213566817206 2.4325355218602387 NaN 190.95747224820477 2.2655167352261927
 2.5970478746205918 2.431874930878315 NaN 190.64189545667099 2.265516684214091
 2.5969743959315674 2.4312146436286621 NaN 190.3265847548293 2.2655166344677355
 2.5969009206144897 2.4305546599449475 NaN 190.01154014097477 2.2655165861457744
 2.5968274486692042 2.429894979698441 NaN 189.69676161339984 2.2655165393659362
 2.5967539800955581 2.4292356027816413 NaN 189.38224917039418 2.2655164942070662
 2.5966805148933951 2.4285765290771013 NaN 189.06800281024451 2.2655164507116097
 2.5966070530625585 2.4279177584406533 NaN 188.75402253123426 2.2655164088885122
 2.5965335946028976 2.4272592907104862 NaN 188.44030833164504 2.2655163687163813
 2.5964601395142557 2.426601125729523 NaN 188.12686020975465 2.2655163301468928
 2.5963866877964756 2.425943263359577 NaN 187.81367816383806 2.2655162931083144
 2.5963132394494091 2.4252857034768791 NaN 187.50076219216803 2.2655162575090841
 2.5962397944728961 2.424628445956313 NaN 187.18811229301355 2.2655162232413883
 2.5961663528667831 2.4239714906598353 NaN 186.87572846464141 2.2655161901846679
 2.5960929146309186 2.4233148374381033 NaN 186.563610705315 2.2655161582089924
 2.5960194797651428 2.4226584861414073 NaN 186.25175901329484 2.2655161271782687
 2.5959460482693029 2.422002436628901 NaN 185.94017338683901 2.2655160969532591
 2.595872620143246 2.4213466887686277 NaN 185.62885382420183 2.2655160673943144
 2.5957991953868165 2.4206912424300628 NaN 185.31780032363554 2.2655160383639021
 2.5957257739998605 2.4200360974769155 NaN 185.00701288338885 2.2655160097287945
 2.5956523559822187 2.4193812537662596 NaN 184.69649150170736 2.2655159813620056
 2.5955789413337427 2.4187267111534578 NaN 184.3862361768345 2.2655159531444067
 2.5955055300542744 2.4180724694976954 NaN 184.07624690700985 2.2655159249660577
 2.5954321221436611 2.4174185286632599 NaN 183.76652369047048 2.2655158967272344
 2.5953587176017479 2.416764888516314 NaN 183.45706652545044 2.2655158683391865
 2.5952853164283778 2.4161115489207567 NaN 183.14787541018069 2.2655158397246273
 2.5952119186233995 2.4154585097368244 NaN 182.83895034288895 2.2655158108179529
 2.5951385241866558 2.4148057708231363 NaN 182.53029132180035 2.2655157815652651
 2.595065133117993 2.4141533320397559 NaN 182.22189834513676 2.2655157519241635
 2.5949917454172575 2.4135011932495107 NaN 181.91377141111738 2.2655157218633581
 2.5949183610842934 2.4128493543167742 NaN 181.6059105179574 2.2655156913621264
 2.5948449801189493 2.4121978151052228 NaN 181.29831566387006 2.2655156604096387
 2.5947716025210648 2.4115465754766592 NaN 180.9909868470651 2.2655156290041658
 2.5946982282904902 2.4108956352917117 NaN 180.68392406574918 2.2655155971522096
 2.5946248574270689 2.4102449944114368 NaN 180.3771273181257 2.2655155648675764
 2.5945514899306477 2.4095946526983134 NaN 180.07059660239554 2.2655155321704057
 2.594478125801071 2.4089446100158933 NaN 179.76433191675565 2.2655154990861757
 2.5944047650381865 2.4082948662276791 NaN 179.45833325940086 2.2655154656447292
 2.5943314076418371 2.4076454211962832 NaN 179.15260062852229 2.2655154318793116
 2.5942580536118669 2.4069962747835825 NaN 178.84713402230781 2.2655153978256188
 2.5941847029481244 2.4063474268515015 NaN 178.54193343894278 2.2655153635209566
 2.5941113556504538 2.4056988772626613 NaN 178.23699887660868 2.2655153290033718
 2.5940380117187019 2.4050506258803832 NaN 177.93233033348491 2.2655152943109247
 2.5939646711527131 2.4044026725681342 NaN 177.62792780774643 2.265515259481008
 2.5938913339523335 2.4037550171890167 NaN 177.32379129756598 2.2655152245497305
 2.5938180001174107 2.4031076596057228 NaN 177.01992080111285 2.265515189551413
 2.5937446696477839 2.4024605996808805 NaN 176.71631631655316 2.2655151545181482
 2.5936713425433067 2.4018138372774676 NaN 176.41297784204991 2.2655151194794443
 2.5935980188038195 2.4011673722588784 NaN 176.10990537576285 2.2655150844619567
 2.5935246984291678 2.4005212044886934 NaN 175.80709891584846 2.2655150494892911
 2.593451381419198 2.3998753338303871 NaN 175.50455846046029 2.2655150145818919
 2.5933780677737595 2.3992297601472274 NaN 175.20228400774837 2.265514979756976
 2.5933047574926928 2.3985844833024332 NaN 174.90027555585971 2.2655149450285617
 2.5932314505758418 2.3979395031593835 NaN 174.59853310293812 2.2655149104075152
 2.5931581470230594 2.3972948195817119 NaN 174.29705664712387 2.2655148759016894
 2.5930848468341887 2.3966504324332294 NaN 173.9958461865545 2.265514841516064
 2.5930115500090731 2.3960063415777424 NaN 173.69490171936377 2.2655148072529556
 2.5929382565475572 2.3953625468789843 NaN 173.39422324368257 2.2655147731122276
 2.5928649664494903 2.3947190482006606 NaN 173.09381075763838 2.265514739091544
 2.5927916797147179 2.3940758454065749 NaN 172.7936642593551 2.2655147051866305
 2.5927183963430798 2.3934329383606858 NaN 172.49378374695439 2.2655146713915357
 2.5926451163344315 2.3927903269270829 NaN 172.19416921855316 2.2655146376989146
 2.5925718396886115 2.3921480109699176 NaN 171.89482067226589 2.2655146041002872
 2.5924985664054634 2.3915059903533304 NaN 171.59573810620367 2.2655145705863107
 2.5924252964848398 2.3908642649414622 NaN 171.29692151847433 2.2655145371470384
 2.5923520299265834 2.3902228345985268 NaN 170.99837090718185 2.2655145037721436
 2.5922787667305403 2.3895816991888417 NaN 170.70008627042779 2.2655144704511554
 2.5922055068965544 2.3889408585768268 NaN 170.40206760630915 2.2655144371736591
 2.5921322504244717 2.3883003126269746 NaN 170.10431491292096 2.2655144039294735
 2.5920589973141412 2.3876600612038104 NaN 169.80682818835368 2.2655143707088197
 2.5919857475654049 2.3870201041718881 NaN 169.50960743069513 2.2655143375024447
 2.5919125011781112 2.3863804413958078 NaN 169.2126526380294 2.2655143043017514
 2.5918392581521039 2.3857410727402621 NaN 168.91596380843748 2.2655142710988776
 2.5917660184872298 2.3851019980700272 NaN 168.61954093999671 2.2655142378867676
 2.5916927821833338 2.3844632172499458 NaN 168.32338403078106 2.2655142046592238
 2.5916195492402636 2.3838247301449216 NaN 168.02749307886103 2.2655141714109281
 2.5915463196578621 2.3831865366198861 NaN 167.73186808230392 2.2655141381374517
 2.591473093435976 2.3825486365398385 NaN 167.43650903917347 2.2655141048352525
 2.5913998705744543 2.3819110297698396 NaN 167.14141594752996 2.2655140715016433
 2.5913266510731376 2.3812737161750297 NaN 166.8465888054302 2.2655140381347594
 2.5912534349318741 2.3806366956206153 NaN 166.55202761092755 2.2655140047335127
 2.5911802221505105 2.3799999679718638 NaN 166.25773236207178 2.2655139712975347
 2.5911070127288931 2.3793635330940952 NaN 165.96370305690971 2.2655139378271016
 2.5910338066668661 2.3787273908526778 NaN 165.66993969348383 2.2655139043230754
 2.5909606039642745 2.3780915411130557 NaN 165.37644226983383 2.2655138707868332
 2.5908874046209664 2.3774559837407314 NaN 165.08321078399544 2.2655138372201811
 2.5908142086367865 2.3768207186012793 NaN 164.79024523400122 2.2655138036252818
 2.5907410160115774 2.3761857455603339 NaN 164.49754561788004 2.2655137700045844
 2.590667826745193 2.3755510644835902 NaN 164.20511193365712 2.2655137363607478
 2.5905946408374709 2.3749166752367952 NaN 163.91294417935435 2.2655137026965626
 2.5905214582882627 2.3742825776857566 NaN 163.62104235298978 2.2655136690149149
 2.5904482790974144 2.373648771696355 NaN 163.3294064525783 2.2655136353186887
 2.5903751032647651 2.3730152571345302 NaN 163.038036476131 2.2655136016107398
 2.5903019307901669 2.372382033866284 NaN 162.74693242165512 2.2655135678938341
 2.5902287616734649 2.3717491017576795 NaN 162.4560942871548 2.2655135341706076
 2.5901555959145028 2.3711164606748381 NaN 162.16552207063023 2.2655135004435385
 2.5900824335131296 2.3704841104839431 NaN 161.87521577007823 2.2655134667149079
 2.5900092744691872 2.3698520510512369 NaN 161.58517538349173 2.2655134329867788
 2.5899361187825249 2.3692202822430324 NaN 161.29540090886007 2.2655133992609886
 2.5898629664529862 2.368588803925697 NaN 161.0058923441693 2.2655133655391326
 2.5897898174804199 2.3679576159656648 NaN 160.71664968740143 2.2655133318225515
 2.5897166718646689 2.3673267182294251 NaN 160.42767293653478 2.2655132981123449
 2.5896435296055809 2.3666961105835318 NaN 160.13896208954432 2.2655132644093676
 2.5895703907030012 2.3660657928946001 NaN 159.85051714440121 2.26551323071424
 2.5894972551567785 2.3654357650293032 NaN 159.56233809907266 2.2655131970273623
 2.5894241229667556 2.3648060268543807 NaN 159.27442495152255 2.2655131633489174
 2.5893509941327779 2.3641765782366311 NaN 158.9867776997107 2.2655131296789106
 2.5892778686546949 2.3635474190429173 NaN 158.69939634159354 2.2655130960171626
 2.5892047465323471 2.3629185491401552 NaN 158.4122808751234 2.2655130623633517
 2.5891316277655854 2.3622899683953325 NaN 158.12543129824942 2.2655130287170206
 2.5890585123542573 2.3616616766754879 NaN 157.83884760891658 2.2655129950776063
 2.5889854002982018 2.36103367384773 NaN 157.55252980506586 2.2655129614444491
 2.5889122915972718 2.3604059597792211 NaN 157.26647788463481 2.2655129278168329
 2.5888391862513078 2.3597785343371904 NaN 156.98069184555737 2.2655128941939817
 2.5887660842601616 2.3591513973889287 NaN 156.69517168576337 2.2655128605751025
 2.5886929856236742 2.3585245488017774 NaN 156.40991740317881 2.2655128269593821
 2.5886198903416928 2.3578979884431512 NaN 156.12492899572607 2.2655127933460184
 2.5885467984140669 2.3572717161805188 NaN 155.8402064613235 2.2655127597342211
 2.5884737098406396 2.3566457318814193 NaN 155.55574979788591 2.2655127261232346
 2.5884006246212556 2.3560200354134335 NaN 155.27155900332394 2.2655126925123468
 2.5883275427557622 2.3553946266442258 NaN 154.98763407554455 2.265512658900898
 2.5882544642440086 2.354769505441503 NaN 154.703975012451 2.2655126252882787
 2.5881813890858361 2.3541446716730445 NaN 154.42058181194201 2.2655125916739505
 2.5881083172810935 2.353520125206686 NaN 154.13745447191312 2.2655125580574387
 2.588035248829625 2.3528958659103227 NaN 153.85459299025575 2.2655125244383396
 2.5879621837312814 2.3522718936519142 NaN 153.57199736485728 2.2655124908163167
 2.5878891219859046 2.3516482082994794 NaN 153.28966759360117 2.2655124571911016
 2.5878160635933409 2.3510248097210926 NaN 153.00760367436723 2.2655124235624946
 2.5877430085534376 2.3504016977849007 NaN 152.72580560503073 2.2655123899303642
 2.5876699568660411 2.3497788723590975 NaN 152.44427338346364 2.2655123562946304
 2.5875969085309967 2.3491563333119441 NaN 152.16300700753391 2.2655123226552725
 2.5875238635481486 2.3485340805117696 NaN 151.88200647510496 2.2655122890123214
 2.5874508219173467 2.3479121138269452 NaN 151.60127178403661 2.2655122553658513
 2.5873777836384368 2.3472904331259223 NaN 151.32080293218451 2.2655122217159711
 2.5873047487112606 2.3466690382771986 NaN 151.04059991740067 2.2655121880628313
 2.58723171713567 2.346047929149341 NaN 150.76066273753264 2.2655121544066006
 2.5871586889115084 2.3454271056109719 NaN 150.48099139042418 2.2655121207474749
 2.5870856640386242 2.3448065675307763 NaN 150.20158587391481 2.2655120870856607
 2.5870126425168589 2.3441863147774966 NaN 149.92244618584024 2.2655120534213782
 2.5869396243460629 2.3435663472199413 NaN 149.64357232403191 2.2655120197548446
 2.5868666095260822 2.3429466647269739 NaN 149.3649642863173 2.2655119860862896
 2.5867935980567602 2.342327267167521 NaN 149.08662207051964 2.2655119524159275
 2.586720589937948 2.3417081544105658 NaN 148.80854567445843 2.2655119187439703
 2.5866475851694828 2.3410893263251573 NaN 148.53073509594847 2.2655118850706173
 2.5865745837512222 2.340470782780403 NaN 148.2531903328009 2.2655118513960506
 2.5865015856830071 2.3398525236454648 NaN 147.97591138282274 2.2655118177204461
 2.5864285909646796 2.3392345487895745 NaN 147.69889824381647 2.2655117840439507
 2.5863555995960934 2.3386168580820157 NaN 147.42215091358059 2.2655117503667022
 2.5862826115770909 2.3379994513921356 NaN 147.14566938990967 2.2655117166888137
 2.5862096269075181 2.3373823285893458 NaN 146.86945367059369 2.2655116830103772
 2.5861366455872243 2.3367654895431076 NaN 146.59350375341884 2.2655116493314726
 2.5860636676160507 2.3361489341229484 NaN 146.3178196361668 2.2655116156521502
 2.5859906929938492 2.3355326621984593 NaN 146.0424013166151 2.2655115819724543
 2.5859177217204623 2.3349166736392863 NaN 145.76724879253717 2.2655115482924004
 2.585844753795739 2.3343009683151354 NaN 145.49236206170204 2.2655115146119971
 2.585771789219522 2.3336855460957722 NaN 145.21774112187435 2.2655114809312322
 2.5856988279916582 2.3330704068510255 NaN 144.94338597081489 2.2655114472500864
 2.5856258701119974 2.3324555504507822 NaN 144.66929660627989 2.2655114135685221
 2.5855529155803856 2.3318409767649864 NaN 144.39547302602125 2.2655113798864965
 2.5854799643966677 2.3312266856636463 NaN 144.12191522778664 2.2655113462039607
 2.5854070165606893 2.3306126770168296 NaN 143.8486232093195 2.2655113125208541
 2.5853340720722957 2.329998950694657 NaN 143.5755969683587 2.2655112788371188
 2.5852611309313356 2.329385506567319 NaN 143.30283650263902 2.2655112451526893
 2.5851881931376584 2.3287723445050594 NaN 143.03034180989067 2.2655112114674938
 2.5851152586911024 2.328159464378182 NaN 142.75811288783973 2.2655111777814696
 2.5850423275915211 2.3275468660570504 NaN 142.48614973420769 2.2655111440945537
 2.58496939983876 2.3269345494120941 NaN 142.21445234671182 2.2655111104066816
 2.58489647543266 2.3263225143137918 NaN 141.94302072306482 2.2655110767177882
 2.5848235543730715 2.3257107606326861 NaN 141.67185486097492 2.2655110430278227
 2.5847506366598409 2.3250992882393819 NaN 141.40095475814607 2.265511009336731
 2.5846777222928181 2.3244880970045418 NaN 141.13032041227814 2.2655109756444642
 2.5846048112718414 2.3238771867988892 NaN 140.85995182106555 2.2655109419509842
 2.5845319035967642 2.3232665574932012 NaN 140.58984898219924 2.2655109082562506
 2.5844589992674312 2.3226562089583216 NaN 140.32001189336506 2.2655108745602366
 2.5843860982836864 2.3220461410651474 NaN 140.05044055224451 2.2655108408629152
 2.5843132006453793 2.3214363536846401 NaN 139.78113495651496 2.2655108071642669
 2.5842403063523571 2.3208268466878192 NaN 139.51209510384868 2.2655107734642765
 2.5841674154044609 2.3202176199457609 NaN 139.24332099191383 2.2655107397629362
 2.5840945278015406 2.3196086733296024 NaN 138.97481261837368 2.2655107060602413
 2.584021643543446 2.3190000067105396 NaN 138.70656998088708 2.2655106723561875
 2.5839487626300186 2.3183916199598325 NaN 138.43859307710858 2.2655106386507833
 2.5838758850611065 2.3177835129487918 NaN 138.17088190468769 2.2655106049440312
 2.5838030108365562 2.3171756855487922 NaN 137.90343646126968 2.2655105712359398
 2.5837301399562143 2.3165681376312679 NaN 137.63625674449463 2.2655105375265241
 2.5836572724199294 2.3159608690677125 NaN 137.36934275199891 2.2655105038157948
 2.5835844082275465 2.3153538797296749 NaN 137.10269448141375 2.2655104701037656
 2.5835115473789085 2.3147471694887654 NaN 136.83631193036524 2.265510436390453
 2.5834386898738657 2.3141407382166563 NaN 136.57019509647569 2.2655104026758717
 2.5833658357122662 2.3135345857850771 NaN 136.30434397736221 2.2655103689600407
 2.5832929848939523 2.312928712065808 NaN 136.03875857063699 2.2655103352429702
 2.583220137418774 2.312323116930703 NaN 135.77343887390828 2.2655103015246811
 2.5831472932865771 2.3117178002516638 NaN 135.50838488477891 2.2655102678051833
 2.5830744524972076 2.3111127619006573 NaN 135.24359660084735 2.2655102340844913
 2.5830016150505108 2.3105080017497057 NaN 134.97907401970701 2.2655102003626189
 2.5829287809463368 2.3099035196708928 NaN 134.71481713894684 2.2655101666395745
 2.5828559501845296 2.3092993155363528 NaN 134.45082595615082 2.2655101329153644
 2.5827831227649378 2.3086953892182915 NaN 134.18710046889817 2.2655100991900015
 2.5827102986874051 2.308091740588968 NaN 133.92364067476325 2.2655100654634874
 2.5826374779517796 2.3074883695206925 NaN 133.6604465713157 2.2655100317358294
 2.5825646605579085 2.3068852758858505 NaN 133.39751815612033 2.2655099980070279
 2.5824918465056381 2.3062824595568698 NaN 133.13485542673703 2.2655099642770855
 2.5824190357948118 2.3056799204062437 NaN 132.87245838072076 2.2655099305459991
 2.5823462284252834 2.3050776583065251 NaN 132.61032701562175 2.2655098968137728
 2.5822734243968934 2.304475673130328 NaN 132.34846132898508 2.2655098630803989
 2.5822006237094928 2.3038739647503177 NaN 132.08686131835128 2.265509829345878
 2.582127826362925 2.3032725330392223 NaN 131.82552698125571 2.2655097956102019
 2.5820550323570375 2.3026713778698258 NaN 131.56445831522882 2.2655097618733637
 2.5819822416916773 2.302070499114977 NaN 131.30365531779623 2.265509728135366
 2.5819094543666923 2.3014698966475802 NaN 131.04311798647817 2.2655096943961923
 2.5818366703819269 2.3008695703405877 NaN 130.78284631879046 2.2655096606558445
 2.5817638897372284 2.3002695200670282 NaN 130.52284031224357 2.2655096269143096
 2.5816911124324444 2.2996697456999766 NaN 130.26309996434307 2.2655095931715814
 2.5816183384674223 2.2990702471125695 NaN 130.00362527258943 2.2655095594276551
 2.5815455678420043 2.2984710241780046 NaN 129.74441623447819 2.2655095256825231
 2.5814728005560434 2.2978720767695311 NaN 129.48547284749966 2.2655094919361765
 2.5814000366093857 2.2972734047604608 NaN 129.22679510913918 2.2655094581886122
 2.5813272760018711 2.296675008024168 NaN 128.96838301687708 2.2655094244398244
 2.5812545187333553 2.2960768864340766 NaN 128.71023656818829 2.2655093906898007
 2.5811817648036808 2.2954790398636717 NaN 128.45235576054282 2.2655093569385425
 2.5811090142126907 2.2948814681865026 NaN 128.19474059140578 2.265509323186043
 2.581036266960238 2.2942841712761677 NaN 127.93739105823663 2.2655092894322997
 2.5809635230461678 2.2936871490063306 NaN 127.68030715849007 2.265509255677304
 2.5808907824703242 2.2930904012507098 NaN 127.4234888896151 2.2655092219210564
 2.5808180452325566 2.2924939278830778 NaN 127.16693624905612 2.265509188163553
 2.580745311332711 2.291897728777275 NaN 126.91064923425218 2.2655091544047909
 2.5806725807706381 2.2913018038071908 NaN 126.65462784263666 2.2655091206447691
 2.5805998535461776 2.2907061528467767 NaN 126.39887207163831 2.2655090868834846
 2.5805271296591807 2.2901107757700419 NaN 126.14338191868013 2.2655090531209385
 2.5804544091094912 2.2895156724510541 NaN 125.88815738117987 2.2655090193571246
 2.5803816918969602 2.2889208427639356 NaN 125.63319845655039 2.2655089855920472
 2.5803089780214314 2.2883262865828717 NaN 125.378505142199 2.2655089518257023
 2.5802362674827548 2.2877320037821005 NaN 125.12407743552747 2.2655089180580914
 2.5801635602807731 2.2871379942359211 NaN 124.86991533393228 2.2655088842892162
 2.580090856415334 2.2865442578186892 NaN 124.61601883480486 2.2655088505190739
 2.5800181558862882 2.2859507944048207 NaN 124.36238793553116 2.2655088167476638
 2.57994545869348 2.2853576038687833 NaN 124.10902263349134 2.265508782974988
 2.5798727648367539 2.2847646860851087 NaN 123.8559229260608 2.2655087492010471
 2.5798000743159619 2.2841720409283823 NaN 123.60308881060882 2.2655087154258378
 2.5797273871309483 2.2835796682732501 NaN 123.35052028449988 2.2655086816493646
 2.5796547032815584 2.2829875679944149 NaN 123.09821734509237 2.2655086478716231
 2.5795820227676396 2.2823957399666348 NaN 122.84617998973971 2.2655086140926159
 2.5795093455890425 2.2818041840647281 NaN 122.5944082157896 2.2655085803123418
 2.5794366717456092 2.281212900163569 NaN 122.34290202058423 2.2655085465307985
 2.5793640012371912 2.2806218881380906 NaN 122.0916614014604 2.2655085127479921
 2.5792913340636332 2.2800311478632853 NaN 121.840686355749 2.2655084789639166
 2.579218670224781 2.279440679214197 NaN 121.58997688077568 2.2655084451785705
 2.579146009720481 2.2788504820659305 NaN 121.33953297386039 2.2655084113919579
 2.5790733525505853 2.2782605562936507 NaN 121.08935463231762 2.2655083776040712
 2.5790006987149363 2.2776709017725749 NaN 120.83944185345615 2.2655083438149157
 2.5789280482133798 2.2770815183779849 NaN 120.58979463457898 2.2655083100244853
 2.5788554010457676 2.276492405985211 NaN 120.34041297298349 2.2655082762327838
 2.5787827572119419 2.2759035644696448 NaN 120.09129686596178 2.2655082424398065
 2.5787101167117559 2.2753149937067354 NaN 119.84244631079959 2.2655082086455516
 2.5786374795450513 2.2747266935719912 NaN 119.59386130477758 2.2655081748500208
 2.5785648457116759 2.2741386639409771 NaN 119.34554184517037 2.2655081410532123
 2.5784922152114782 2.2735509046893103 NaN 119.09748792924667 2.2655081072551195
 2.5784195880443024 2.2729634156926717 NaN 118.84969955426989 2.2655080734557473
 2.578346964210001 2.2723761968267939 NaN 118.60217671749746 2.2655080396550926
 2.5782743437084137 2.2717892479674711 NaN 118.35491941618064 2.2655080058531505
 2.5782017265393953 2.2712025689905526 NaN 118.10792764756557 2.2655079720499232
 2.5781291127027886 2.2706161597719441 NaN 117.861201408892 2.2655079382454084
 2.5780565021984385 2.2700300201876109 NaN 117.61474069739393 2.2655079044396054
 2.577983895026196 2.2694441501135723 NaN 117.36854551029973 2.26550787063251
 2.5779112911859077 2.2688585494259037 NaN 117.12261584483171 2.2655078368241237
 2.5778386906774204 2.2682732180007457 NaN 116.87695169820603 2.2655078030144442
 2.5777660935005784 2.2676881557142838 NaN 116.63155306763348 2.2655077692034706
 2.5776934996552332 2.2671033624427706 NaN 116.3864199503184 2.2655077353911994
 2.5776209091412303 2.2665188380625074 NaN 116.1415523434593 2.2655077015776346
 2.5775483219584143 2.2659345824498631 NaN 115.89695024424897 2.2655076677627703
 2.5774757381066369 2.2653505954812498 NaN 115.6526136498739 2.2655076339466076
 2.5774031575857421 2.2647668770331482 NaN 115.40854255751465 2.2655076001291468
 2.5773305803955777 2.264183426982088 NaN 115.16473696434556 2.265507566310383
 2.5772580065359896 2.2636002452046586 NaN 114.92119686753536 2.2655075324903207
 2.5771854360068263 2.2630173315775117 NaN 114.67792226424622 2.2655074986689545
 2.5771128688079354 2.2624346859773414 NaN 114.43491315163436 2.2655074648462841
 2.5770403049391644 2.2618523082809157 NaN 114.19216952685011 2.2655074310223151
 2.5769677444003611 2.2612701983650458 NaN 113.94969138703733 2.2655073971970383
 2.5768951871913663 2.2606883561066065 NaN 113.7074787293338 2.2655073633704559
 2.5768226333120361 2.260106781382528 NaN 113.46553155087132 2.2655073295425705
 2.5767500827622132 2.259525474069795 NaN 113.22384984877543 2.2655072957133777
 2.5766775355417444 2.2589444340454539 NaN 112.98243362016508 2.2655072618828811
 2.5766049916504787 2.2583636611865936 NaN 112.74128286215351 2.2655072280510753
 2.5765324510882621 2.2577831553703849 NaN 112.50039757184736 2.2655071942179612
 2.5764599138549422 2.2572029164740304 NaN 112.25977774634703 2.2655071603835419
 2.576387379950368 2.256622944374798 NaN 112.01942338274677 2.2655071265478135
 2.576314849374381 2.2560432389500207 NaN 111.77933447813436 2.2655070927107759
 2.5762423221268351 2.2554638000770715 NaN 111.53951102959127 2.2655070588724291
 2.5761697982075749 2.2548846276333934 NaN 111.29995303419263 2.2655070250327727
 2.5760972776164479 2.2543057214964812 NaN 111.06066048900729 2.2655069911918049
 2.5760247603533011 2.253727081543881 NaN 110.82163339109742 2.2655069573495306
 2.5759522464179789 2.2531487076532035 NaN 110.58287173751904 2.265506923505944
 2.5758797358103362 2.2525705997021128 NaN 110.34437552532167 2.2655068896610433
 2.5758072285302132 2.2519927575683236 NaN 110.10614475154814 2.2655068558148335
 2.5757347245774609 2.2514151811296155 NaN 109.8681794132351 2.2655068219673127
 2.5756622239519231 2.2508378702638199 NaN 109.63047950741226 2.2655067881184778
 2.5755897266534511 2.2502608248488252 NaN 109.39304503110353 2.2655067542683329
 2.5755172326818894 2.249684044762573 NaN 109.15587598132554 2.2655067204168735
 2.5754447420370856 2.2491075298830663 NaN 108.91897235508871 2.2655066865641
 2.5753722547188889 2.2485312800883595 NaN 108.68233414939672 2.2655066527100138
 2.5752997707271472 2.2479552952565687 NaN 108.4459613612467 2.2655066188546149
 2.5752272900617044 2.2473795752658585 NaN 108.20985398762916 2.2655065849978984
 2.5751548127224084 2.2468041199944557 NaN 107.97401202552777 2.26550655113987
 2.5750823387091111 2.2462289293206372 NaN 107.73843547191989 2.2655065172805293
 2.5750098680216551 2.2456540031227474 NaN 107.50312432377596 2.2655064834198702
 2.5749374006598886 2.2450793412791712 NaN 107.26807857805947 2.2655064495578943
 2.5748649366236607 2.2445049436683586 NaN 107.03329823172754 2.2655064156946056
 2.5747924759128167 2.2439308101688162 NaN 106.79878328173014 2.2655063818300025
 2.5747200185272061 2.2433569406591047 NaN 106.56453372501086 2.2655063479640827
 2.5746475644666726 2.2427833350178372 NaN 106.33054955850615 2.2655063140968448
 2.5745751137310697 2.2422099931236867 NaN 106.09683077914569 2.2655062802282941
 2.5745026663202397 2.2416369148553783 NaN 105.86337738385249 2.2655062463584246
 2.5744302222340303 2.2410641000917 NaN 105.63018936954241 2.26550621248724
 2.57435778147229 2.2404915487114909 NaN 105.39726673312437 2.265506178614737
 2.5742853440348701 2.2399192605936378 NaN 105.16460947150074 2.2655061447409186
 2.5742129099216129 2.2393472356171 NaN 104.93221758156643 2.2655061108657826
 2.5741404791323688 2.2387754736608811 NaN 104.70009106020987 2.2655060769893307
 2.5740680516669836 2.2382039746040405 NaN 104.46822990431211 2.265506043111563
 2.573995627525302 2.2376327383256989 NaN 104.23663411074729 2.2655060092324804
 2.5739232067071769 2.2370617647050288 NaN 104.0053036763825 2.2655059753520757
 2.573850789212452 2.236491053621255 NaN 103.7742385980778 2.2655059414703582
 2.5737783750409799 2.235920604953666 NaN 103.54343887268627 2.2655059075873241
 2.5737059641925986 2.2353504185815987 NaN 103.31290449705347 2.2655058737029767
 2.5736335566671666 2.2347804943844483 NaN 103.08263546801813 2.2655058398173087
 2.5735611524645243 2.2342108322416685 NaN 102.85263178241173 2.2655058059303261
 2.5734887515845202 2.2336414320327584 NaN 102.62289343705869 2.2655057720420269
 2.5734163540270041 2.2330722936372873 NaN 102.39342042877584 2.2655057381524122
 2.5733439597918224 2.2325034169348688 NaN 102.16421275437325 2.2655057042614835
 2.5732715688788224 2.2319348018051737 NaN 101.93527041065329 2.2655056703692389
 2.5731991812878516 2.2313664481279285 NaN 101.70659339441136 2.2655056364756794
 2.5731267970187579 2.2307983557829161 NaN 101.47818170243526 2.265505602580804
 2.5730544160713866 2.2302305246499796 NaN 101.25003533150579 2.2655055686846173
 2.572982038445589 2.229662954609005 NaN 101.02215427839597 2.265505534787112
 2.5729096641412106 2.2290956455399469 NaN 100.79453853987178 2.2655055008882963
 2.5728372931581007 2.2285285973228048 NaN 100.56718811269164 2.2655054669881665
 2.5727649254961018 2.2279618098376401 NaN 100.34010299360635 2.265505433086723
 2.5726925611550686 2.2273952829645647 NaN 100.1132831793597 2.2655053991839678
 2.5726202001348439 2.226829016583749 NaN 99.886728666687432 2.2655053652798998
 2.5725478424352772 2.2262630105754155 NaN 99.660439452318101 2.265505331374519
 2.5724754880562162 2.2256972648198468 NaN 99.434415532972736 2.2655052974678282
 2.5724031369975071 2.2251317791973735 NaN 99.208656905364677 2.2655052635598252
 2.5723307892589982 2.2245665535883865 NaN 98.983163566199494 2.2655052296505125
 2.5722584448405388 2.2240015878733299 NaN 98.757935512175635 2.2655051957398893
 2.5721861037419753 2.2234368819327055 NaN 98.532972739983379 2.2655051618279565
 2.5721137659631514 2.2228724356470622 NaN 98.308275246305513 2.2655051279147145
 2.5720414315039215 2.2223082488970154 NaN 98.083843027817295 2.2655050940001633
 2.5719691003641314 2.2217443215632233 NaN 97.859676081185924 2.2655050600843043
 2.5718967725436235 2.2211806535264098 NaN 97.635774403071068 2.2655050261671388
 2.5718244480422512 2.2206172446673449 NaN 97.412137990124592 2.2655049922486667
 2.5717521268598618 2.2200540948668603 NaN 97.188766838990404 2.2655049583288873
 2.5716798089963033 2.2194912040058372 NaN 96.965660946304752 2.2655049244078032
 2.5716074944514191 2.2189285719652143 NaN 96.742820308695826 2.2655048904854143
 2.5715351832250604 2.2183661986259846 NaN 96.520244922784158 2.2655048565617206
 2.5714628753170752 2.2178040838691944 NaN 96.297934785182179 2.265504822636724
 2.5713905707273095 2.2172422275759494 NaN 96.075889892494274 2.2655047887104245
 2.5713182694556078 2.2166806296274051 NaN 95.854110241317187 2.2655047547828207
 2.5712459715018245 2.2161192899047735 NaN 95.632595828239417 2.265504720853917
 2.571173676865806 2.215558208289317 NaN 95.411346649841235 2.2655046869237125
 2.5711013855473985 2.2149973846623614 NaN 95.190362702695396 2.2655046529922092
 2.5710290975464489 2.2144368189052805 NaN 94.969643983366069 2.2655046190594059
 2.5709568128628066 2.2138765108995013 NaN 94.749190488409468 2.2655045851253055
 2.5708845314963171 2.2133164605265154 NaN 94.529002214373747 2.2655045511899066
 2.5708122534468334 2.2127566676678523 NaN 94.309079157798763 2.2655045172532109
 2.5707399787141965 2.2121971322051146 NaN 94.089421315216171 2.2655044833152216
 2.5706677072982598 2.2116378540199442 NaN 93.870028683149357 2.2655044493759324
 2.5705954391988675 2.2110788329940463 NaN 93.650901258113706 2.2655044154353541
 2.5705231744158676 2.210520069009176 NaN 93.43203903661599 2.2655043814934817
 2.5704509129491089 2.209961561947146 NaN 93.213442015154669 2.2655043475503174
 2.5703786547984402 2.209403311689822 NaN 92.995110190220117 2.2655043136058612
 2.5703063999637092 2.2088453181191205 NaN 92.777043558294096 2.2655042796601155
 2.5702341484447584 2.2082875811170175 NaN 92.559242115850012 2.2655042457130823
 2.5701619002414438 2.2077301005655405 NaN 92.341705859352771 2.2655042117647608
 2.5700896553536117 2.2071728763467764 NaN 92.124434785258984 2.265504177815151
 2.5700174137811045 2.2066159083428554 NaN 91.907428890016476 2.2655041438642565
 2.5699451755237726 2.2060591964359726 NaN 91.690688170064874 2.2655041099120763
 2.5698729405814675 2.205502740508372 NaN 91.474212621834951 2.2655040759586127
 2.5698007089540327 2.2049465404423523 NaN 91.258002241749011 2.2655040420038675
 2.5697284806413165 2.2043905961202679 NaN 91.042057026220675 2.2655040080478401
 2.5696562556431721 2.2038349074245267 NaN 90.826376971655037 2.2655039740905321
 2.569584033959436 2.2032794742375921 NaN 90.610962074448281 2.2655039401319454
 2.5695118155899674 2.2027242964419735 NaN 90.395812330988107 2.2655039061720825
 2.5694396005346105 2.2021693739202446 NaN 90.180927737653249 2.2655038722109415
 2.5693673887932129 2.2016147065550307 NaN 89.966308290813856 2.2655038382485255
 2.5692951803656214 2.2010602942290047 NaN 89.751953986830969 2.2655038042848377
 2.5692229752516842 2.200506136824901 NaN 89.537864822057273 2.2655037703198744
 2.5691507734512511 2.1999522342255053 NaN 89.324040792835987 2.2655037363536414
 2.5690785749641685 2.1993985863136558 NaN 89.110481895501806 2.265503702386138
 2.5690063797902849 2.1988451929722488 NaN 88.897188126380385 2.2655036684173662
 2.5689341879294494 2.1982920540842255 NaN 88.684159481788299 2.2655036344473256
 2.5688619993815069 2.1977391695325932 NaN 88.471395958033298 2.2655036004760207
 2.5687898141463079 2.1971865392004042 NaN 88.258897551413881 2.2655035665034493
 2.5687176322236973 2.1966341629707649 NaN 88.04666425821965 2.2655035325296167
 2.5686454536135268 2.196082040726838 NaN 87.834696074731028 2.2655034985545219
 2.5685732783156459 2.1955301723518414 NaN 87.622992997219228 2.2655034645781651
 2.5685011063298981 2.1949785577290437 NaN 87.411555021946313 2.2655034306005519
 2.5684289376561327 2.1944271967417697 NaN 87.200382145165321 2.2655033966216824
 2.568356772294198 2.1938760892733917 NaN 86.98947436311974 2.2655033626415548
 2.5682846102439401 2.1933252352073453 NaN 86.778831672043978 2.2655033286601753
 2.5682124515052092 2.1927746344271135 NaN 86.568454068162907 2.2655032946775422
 2.5681402960778561 2.1922242868162325 NaN 86.358341547692561 2.2655032606936585
 2.5680681439617241 2.1916741922582954 NaN 86.148494106838925 2.2655032267085238
 2.5679959951566604 2.191124350636946 NaN 85.938911741799004 2.265503192722143
 2.5679238496625199 2.1905747618358817 NaN 85.729594448760281 2.2655031587345174
 2.567851707479146 2.1900254257388561 NaN 85.520542223900648 2.2655031247456439
 2.5677795686063853 2.1894763422296744 NaN 85.311755063388532 2.2655030907555309
 2.5677074330440877 2.1889275111921931 NaN 85.10323296338278 2.2655030567641754
 2.5676353007921011 2.1883789325103269 NaN 84.894975920032621 2.2655030227715818
 2.567563171850276 2.1878306060680401 NaN 84.68698392947779 2.2655029887777469
 2.5674910462184566 2.1872825317493509 NaN 84.479256987848245 2.265502954782681
 2.567418923896494 2.1867347094383325 NaN 84.271795091264181 2.2655029207863802
 2.5673468048842314 2.1861871390191103 NaN 84.064598235836229 2.265502886788846
 2.5672746891815237 2.1856398203758634 NaN 83.857666417665044 2.2655028527900818
 2.5672025767882176 2.1850927533928237 NaN 83.650999632841547 2.2655028187900892
 2.5671304677041555 2.1845459379542742 NaN 83.444597877446967 2.2655027847888696
 2.5670583619291918 2.1839993739445545 NaN 83.238461147552357 2.2655027507864278
 2.5669862594631714 2.1834530612480565 NaN 83.03258943921908 2.2655027167827622
 2.5669141603059451 2.1829069997492256 NaN 82.826982748498367 2.265502682777873
 2.5668420644573562 2.1823611893325587 NaN 82.621641071431668 2.2655026487717702
 2.5667699719172599 2.181815629882609 NaN 82.416564404050163 2.2655026147644461
 2.5666978826854989 2.1812703212839777 NaN 82.211752742375168 2.2655025807559079
 2.5666257967619219 2.1807252634213246 NaN 82.007206082417582 2.26550254674616
 2.5665537141463783 2.1801804561793556 NaN 81.802924420178513 2.2655025127351962
 2.5664816348387163 2.1796358994428391 NaN 81.598907751648738 2.2655024787230271
 2.5664095588387847 2.1790915930965862 NaN 81.395156072808575 2.2655024447096488
 2.5663374861464332 2.1785475370254712 NaN 81.191669379628493 2.2655024106950687
 2.5662654167615035 2.1780037311144129 NaN 80.988447668068318 2.2655023766792857
 2.5661933506838519 2.1774601752483864 NaN 80.785490934077686 2.2655023426623022
 2.5661212879133197 2.1769168693124215 NaN 80.58279917359576 2.2655023086441206
 2.5660492284497605 2.1763738131915997 NaN 80.380372382551428 2.2655022746247422
 2.5659771722930187 2.175831006771046 NaN 80.178210556862908 2.2655022406041718
 2.565905119442943 2.1752884499359588 NaN 79.976313692438055 2.2655022065824078
 2.5658330698993872 2.1747461425715713 NaN 79.774681785174209 2.2655021725594566
 2.5657610236621933 2.1742040845631756 NaN 79.573314830957855 2.2655021385353185
 2.565688980731212 2.1736622757961164 NaN 79.372212825665201 2.2655021045099946
 2.5656169411062888 2.1731207161557919 NaN 79.171375765161557 2.2655020704834903
 2.5655449047872732 2.1725794055276504 NaN 78.970803645301686 2.2655020364558029
 2.5654728717740194 2.172038343797198 NaN 78.770496461929355 2.2655020024269397
 2.5654008420663681 2.1714975308499871 NaN 78.570454210877728 2.2655019683969009
 2.5653288156641718 2.1709569665716266 NaN 78.370676887969253 2.2655019343656901
 2.5652567925672756 2.1704166508477796 NaN 78.171164489015183 2.2655019003333075
 2.5651847727755284 2.1698765835641574 NaN 77.971917009815982 2.2655018662997572
 2.5651127562887828 2.1693367646065242 NaN 77.772934446161187 2.2655018322650426
 2.5650407431068838 2.1687971938606991 NaN 77.57421679382945 2.2655017982291668
 2.5649687332296787 2.1682578712125538 NaN 77.375764048588096 2.2655017641921269
 2.5648967266570155 2.1677187965480136 NaN 77.177576206193606 2.2655017301539293
 2.5648247233887465 2.1671799697530481 NaN 76.979653262391096 2.2655016961145802
 2.5647527234247152 2.1666413907136923 NaN 76.78199521291468 2.2655016620740738
 2.5646807267647751 2.1661030593160229 NaN 76.584602053487245 2.2655016280324194
 2.564608733408769 2.1655649754461743 NaN 76.387473779820269 2.2655015939896148
 2.5645367433565514 2.1650271389903315 NaN 76.190610387614143 2.265501559945668
 2.5644647566079688 2.1644895498347307 NaN 75.994011872557635 2.2655015259005791
 2.5643927731628646 2.1639522078656626 NaN 75.797678230328302 2.2655014918543492
 2.5643207930210945 2.1634151129694716 NaN 75.601609456592215 2.2655014578069816
 2.564248816182499 2.1628782650325493 NaN 75.405805547003922 2.2655014237584825
 2.5641768426469351 2.1623416639413433 NaN 75.210266497206433 2.2655013897088496
 2.5641048724142461 2.1618053095823546 NaN 75.014992302831274 2.2655013556580927
 2.5640329054842788 2.1612692018421304 NaN 74.819982959498077 2.2655013216062048
 2.5639609418568856 2.1607333406072788 NaN 74.625238462815176 2.265501287553195
 2.5638889815319126 2.1601977257644487 NaN 74.430758808378769 2.2655012534990666
 2.5638170245092105 2.1596623572003564 NaN 74.236543991773772 2.2655012194438187
 2.5637450707886247 2.1591272348017547 NaN 74.042594008572792 2.2655011853874583
 2.5636731203700105 2.1585923584554565 NaN 73.848908854336941 2.2655011513299863
 2.5636011732532062 2.1580577280483291 NaN 73.655488524615137 2.2655011172714068
 2.5635292294380663 2.157523343467282 NaN 73.46233301494469 2.2655010832117175
 2.5634572889244387 2.1569892045992893 NaN 73.269442320850459 2.2655010491509291
 2.5633853517121716 2.1564553113313654 NaN 73.076816437845594 2.2655010150890398
 2.5633134178011132 2.1559216635505876 NaN 72.884455361431037 2.2655009810260536
 2.5632414871911111 2.1553882611440742 NaN 72.692359087095539 2.2655009469619731
 2.5631695598820161 2.1548551039990045 NaN 72.500527610315658 2.2655009128968047
 2.5630976358736768 2.1543221920026046 NaN 72.308960926555841 2.2655008788305455
 2.5630257151659377 2.1537895250421517 NaN 72.117659031267948 2.2655008447632055
 2.5629537977586527 2.1532571030049796 NaN 71.926621919891872 2.265500810694784
 2.562881883651666 2.15272492577847 NaN 71.735849587854702 2.265500776625283
 2.5628099728448279 2.1521929932500599 NaN 71.545342030571291 2.2655007425547078
 2.5627380653379888 2.151661305307234 NaN 71.355099243444045 2.2655007084830614
 2.5626661611309922 2.1511298618375281 NaN 71.165121221862762 2.2655006744103465
 2.5625942602236949 2.1505986627285352 NaN 70.975407961204496 2.265500640336565
 2.5625223626159377 2.1500677078678949 NaN 70.785959456833851 2.2655006062617233
 2.5624504683075728 2.1495369971433029 NaN 70.59677570410264 2.2655005721858221
 2.5623785772984453 2.149006530442501 NaN 70.407856698349903 2.2655005381088675
 2.5623066895884086 2.1484763076532887 NaN 70.21920243490186 2.265500504030856
 2.5622348051773094 2.147946328663513 NaN 70.030812909071912 2.2655004699518009
 2.5621629240649946 2.147416593361072 NaN 69.84268811616046 2.2655004358716999
 2.5620910462513136 2.1468871016339182 NaN 69.654828051455127 2.2655004017905589
 2.5620191717361163 2.1463578533700538 NaN 69.467232710230263 2.2655003677083756
 2.561947300519253 2.1458288484575352 NaN 69.279902087747303 2.2655003336251602
 2.5618754326005688 2.1453000867844647 NaN 69.092836179254505 2.2655002995409119
 2.5618035679799132 2.1447715682389998 NaN 68.90603497998687 2.2655002654556364
 2.561731706657135 2.1442432927093527 NaN 68.719498485166369 2.2655002313693382
 2.561659848632083 2.1437152600837801 NaN 68.533226690001428 2.2655001972820168
 2.5615879939046065 2.143187470250596 NaN 68.347219589687342 2.2655001631936806
 2.5615161424745545 2.1426599230981571 NaN 68.161477179405779 2.2655001291043289
 2.5614442943417752 2.142132618514883 NaN 67.975999454325063 2.2655000950139668
 2.5613724495061145 2.1416055563892393 NaN 67.790786409600102 2.265500060922601
 2.561300607967425 2.1410787366097397 NaN 67.605838040371978 2.2655000268302308
 2.5612287697255534 2.1405521590649537 NaN 67.421154341768386 2.2654999927368626
 2.5611569347803487 2.1400258236434979 NaN 67.23673530890315 2.2654999586424989
 2.5610851031316622 2.1394997302340482 NaN 67.052580936876524 2.2654999245471452
 2.5610132747793384 2.1389738787253205 NaN 66.868691220774807 2.2654998904508021
 2.5609414497232263 2.1384482690060898 NaN 66.685066155670555 2.2654998563534745
 2.5608696279631804 2.1379229009651808 NaN 66.501705736622199 2.265499822255169
 2.560797809499042 2.1373977744914634 NaN 66.318609958674401 2.2654997881558874
 2.5607259943306646 2.1368728894738718 NaN 66.135778816857737 2.2654997540556323
 2.5606541824578946 2.1363482458013774 NaN 65.95321230618859 2.2654997199544096
 2.5605823738805817 2.1358238433630103 NaN 65.770910421669285 2.2654996858522214
 2.5605105685985725 2.1352996820478491 NaN 65.588873158287953 2.2654996517490726
 2.5604387666117225 2.134775761745022 NaN 65.407100511018271 2.26549961764497
 2.5603669679198719 2.1342520823437159 NaN 65.225592474819848 2.2654995835399134
 2.5602951725228777 2.1337286437331571 NaN 65.044349044637613 2.2654995494339079
 2.5602233804205818 2.1332054458026319 NaN 64.863370215402227 2.2654995153269559
 2.5601515916128363 2.132682488441473 NaN 64.682655982029715 2.2654994812190665
 2.5600798060994876 2.1321597715390639 NaN 64.502206339421605 2.2654994471102401
 2.5600080238803873 2.1316372949848446 NaN 64.322021282464732 2.2654994130004815
 2.5599362449553849 2.1311150586682959 NaN 64.142100806031053 2.2654993788897961
 2.5598644693243267 2.1305930624789591 NaN 63.96244490497822 2.265499344778183
 2.5597926969870639 2.1300713063064225 NaN 63.783053574148411 2.2654993106656551
 2.5597209279434407 2.129549790040322 NaN 63.603926808369536 2.2654992765522075
 2.5596491621933106 2.1290285135703511 NaN 63.425064602454022 2.2654992424378508
 2.5595773997365212 2.1285074767862486 NaN 63.246466951199494 2.265499208322586
 2.5595056405729197 2.1279866795778033 NaN 63.068133849388609 2.2654991742064197
 2.5594338847023601 2.1274661218348614 NaN 62.890065291788609 2.2654991400893545
 2.5593621321246847 2.126945803447311 NaN 62.712261273151498 2.265499105971398
 2.5592903828397442 2.1264257243050979 NaN 62.534721788214291 2.2654990718525494
 2.559218636847389 2.1259058842982133 NaN 62.357446831698439 2.2654990377328148
 2.5591468941474722 2.1253862833167054 NaN 62.180436398309844 2.2654990036122018
 2.559075154739832 2.1248669212506632 NaN 62.003690482739131 2.2654989694907104
 2.5590034186243296 2.1243477979902372 NaN 61.827209079661294 2.265498935368349
 2.5589316858008013 2.1238289134256219 NaN 61.650992183735589 2.265498901245119
 2.558859956269107 2.1233102674470619 NaN 61.475039789605788 2.2654988671210288
 2.5587882300290885 2.1227918599448565 NaN 61.299351891899647 2.2654988329960766
 2.5587165070805984 2.1222736908093518 NaN 61.123928485229243 2.2654987988702726
 2.5586447874234848 2.1217557599309438 NaN 60.948769564190712 2.2654987647436187
 2.5585730710575958 2.121238067200081 NaN 60.773875123364213 2.2654987306161214
 2.5585013579827827 2.1207206125072653 NaN 60.599245157313781 2.2654986964877835
 2.5584296481988904 2.1202033957430406 NaN 60.4248796605875 2.2654986623586137
 2.5583579417057725 2.1196864167980114 NaN 60.250778627717096 2.2654986282286083
 2.5582862385032756 2.1191696755628207 NaN 60.076942053218104 2.2654985940977816
 2.5582145385912463 2.1186531719281745 NaN 59.903369931589687 2.2654985599661317
 2.5581428419695391 2.1181369057848172 NaN 59.730062257314707 2.2654985258336664
 2.5580711486379992 2.1176208770235529 NaN 59.557019024859386 2.2654984917003906
 2.5579994585964752 2.1171050855352291 NaN 59.384240228673498 2.2654984575663066
 2.5579277718448172 2.1165895312107481 NaN 59.211725863190146 2.265498423431425
 2.5578560883828758 2.1160742139410633 NaN 59.039475922825716 2.2654983892957437
 2.5577844082105003 2.1155591336171704 NaN 58.867490401979886 2.2654983551592713
 2.557712731327535 2.1150442901301214 NaN 58.695769295035419 2.2654983210220117
 2.5576410577338335 2.1145296833710203 NaN 58.524312596358115 2.2654982868839699
 2.5575693874292424 2.1140153132310164 NaN 58.353120300296915 2.2654982527451533
 2.557497720413612 2.1135011796013101 NaN 58.182192401183507 2.2654982186055621
 2.5574260566867935 2.1129872823731537 NaN 58.011528893332525 2.2654981844652071
 2.5573543962486323 2.1124736214378492 NaN 57.84112977104126 2.2654981503240914
 2.5572827390989792 2.111960196686745 NaN 57.67099502858985 2.2654981161822159
 2.5572110852376801 2.111447008011246 NaN 57.501124660240926 2.2654980820395907
 2.5571394346645926 2.1109340553028009 NaN 57.331518660239574 2.2654980478962221
 2.557067787379554 2.1104213384529111 NaN 57.162177022813545 2.2654980137521092
 2.5569961433824213 2.1099088573531271 NaN 56.993099742172781 2.2654979796072618
 2.5569245026730423 2.1093966118950505 NaN 56.824286812509577 2.2654979454616835
 2.5568528652512672 2.108884601970332 NaN 56.655738227998363 2.2654979113153799
 2.5567812311169411 2.1083728274706726 NaN 56.487453982795792 2.2654978771683592
 2.556709600269917 2.1078612882878192 NaN 56.319434071040547 2.2654978430206207
 2.5566379727100443 2.1073499843135779 NaN 56.151678486853143 2.2654978088721744
 2.5565663484371672 2.1068389154397926 NaN 55.984187224336139 2.2654977747230234
 2.5564947274511391 2.106328081558364 NaN 55.816960277573834 2.265497740573176
 2.55642310975181 2.1058174825612435 NaN 55.649997640632172 2.2654977064226349
 2.5563514953390243 2.1053071183404293 NaN 55.483299307558788 2.265497672271406
 2.5562798842126364 2.1047969887879678 NaN 55.316865272382863 2.2654976381194971
 2.5562082763724927 2.1042870937959588 NaN 55.15069552911492 2.265497603966911
 2.5561366718184431 2.1037774332565493 NaN 54.984790071746971 2.2654975698136539
 2.5560650705503374 2.1032680070619407 NaN 54.819148894252322 2.2654975356597316
 2.5559934725680202 2.1027588151043743 NaN 54.653771990585405 2.2654975015051511
 2.5559218778713522 2.1022498572761492 NaN 54.488659354681801 2.2654974673499146
 2.5558502864601689 2.101741133469611 NaN 54.323810980457978 2.2654974331940316
 2.5557786983343256 2.1012326435771542 NaN 54.159226861811611 2.2654973990375047
 2.5557071134936757 2.1007243874912258 NaN 53.994906992620955 2.265497364880344
 2.5556355319380617 2.1002163651043193 NaN 53.830851366745087 2.2654973307225492
 2.5555639536673365 2.099708576308978 NaN 53.667059978023801 2.2654972965641336
 2.5554923786813468 2.0992010209977954 NaN 53.503532820277385 2.2654972624050944
 2.5554208069799453 2.0986936990634169 NaN 53.340269887306739 2.2654972282454438
 2.555349238562977 2.0981866103985292 NaN 53.177271172892951 2.2654971940851847
 2.5552776734302931 2.097679754895879 NaN 53.01453667079754 2.2654971599243252
 2.5552061115817444 2.097173132448253 NaN 52.852066374762259 2.2654971257628698
 2.5551345530171821 2.0966667429484938 NaN 52.689860278508796 2.2654970916008232
 2.5550629977364481 2.0961605862894883 NaN 52.527918375738942 2.2654970574381954
 2.5549914457394003 2.0956546623641783 NaN 52.36624066013448 2.2654970232749889
 2.554919897025882 2.0951489710655489 NaN 52.204827125356921 2.2654969891112122
 2.5548483515957434 2.0946435122866354 NaN 52.043677765047505 2.2654969549468689
 2.5547768094488346 2.0941382859205282 NaN 51.882792572827164 2.2654969207819646
 2.5547052705850049 2.0936332918603608 NaN 51.722171542296195 2.2654968866165097
 2.5546337350041077 2.0931285299993165 NaN 51.561814667034582 2.2654968524505077
 2.5545622027059838 2.0926240002306296 NaN 51.401721940601441 2.2654968182839652
 2.5544906736904878 2.0921197024475831 NaN 51.241893356535144 2.2654967841168849
 2.5544191479574709 2.0916156365435095 NaN 51.082328908353269 2.2654967499492797
 2.554347625506777 2.0911118024117874 NaN 50.923028589552395 2.2654967157811519
 2.5542761063382629 2.0906081999458488 NaN 50.763992393608042 2.2654966816125093
 2.5542045904517683 2.0901048290391699 NaN 50.605220313974527 2.2654966474433555
 2.5541330778471538 2.0896016895852805 NaN 50.446712344084951 2.2654966132737009
 2.5540615685242574 2.0890987814777566 NaN 50.288468477350904 2.2654965791035506
 2.5539900624829373 2.088596104610223 NaN 50.130488707162648 2.2654965449329088
 2.5539185597230403 2.0880936588763555 NaN 49.972773026888817 2.2654965107617842
 2.5538470602444105 2.0875914441698775 NaN 49.815321429876285 2.2654964765901826
 2.553775564046906 2.08708946038456 NaN 49.658133909450207 2.2654964424181099
 2.5537040711303725 2.0865877074142283 NaN 49.501210458913839 2.2654964082455762
 2.553632581494659 2.0860861851527459 NaN 49.344551071548352 2.2654963740725833
 2.5535610951396115 2.0855848934940378 NaN 49.188155740612849 2.2654963398991401
 2.5534896120650874 2.0850838323320646 NaN 49.03202445934425 2.2654963057252555
 2.5534181322709304 2.0845830015608495 NaN 48.876157220956991 2.2654962715509317
 2.553346655756989 2.0840824010744532 NaN 48.720554018643199 2.2654962373761771
 2.5532751825231164 2.0835820307669923 NaN 48.565214845572442 2.2654962032010015
 2.55320371256916 2.0830818905326267 NaN 48.410139694891534 2.2654961690254098
 2.553132245894973 2.0825819802655694 NaN 48.255328559724518 2.2654961348494056
 2.553060782500399 2.082082299860077 NaN 48.100781433172649 2.2654961006730003
 2.5529893223852915 2.081582849210462 NaN 47.946498308313991 2.2654960664961967
 2.5529178655494982 2.0810836282110787 NaN 47.792479178203664 2.2654960323190076
 2.5528464119928689 2.0805846367563339 NaN 47.63872403587343 2.2654959981414344
 2.552774961715254 2.0800858747406821 NaN 47.485232874331793 2.2654959639634877
 2.552703514716502 2.0795873420586246 NaN 47.332005686563605 2.2654959297851716
 2.5526320709964656 2.0790890386047107 NaN 47.17904246553038 2.2654958956064939
 2.5525606305549888 2.0785909642735438 NaN 47.026343204169741 2.265495861427465
 2.5524891933919243 2.0780931189597718 NaN 46.873907895395469 2.2654958272480874
 2.5524177595071227 2.0775955025580859 NaN 46.721736532097545 2.2654957930683719
 2.5523463289004327 2.0770981149632388 NaN 46.569829107141821 2.2654957588883247
 2.552274901571701 2.0766009560700192 NaN 46.418185613369801 2.2654957247079506
 2.5522034775207811 2.0761040257732688 NaN 46.266806043598962 2.2654956905272585
 2.5521320567475199 2.0756073239678781 NaN 46.115690390622092 2.2654956563462583
 2.5520606392517671 2.0751108505487887 NaN 45.964838647207507 2.2654956221649529
 2.5519892250333771 2.0746146054109817 NaN 45.814250806098912 2.2654955879833545
 2.5519178140921941 2.0741185884494926 NaN 45.66392686001511 2.2654955538014669
 2.5518464064280697 2.0736227995594092 NaN 45.513866801649975 2.265495519619297
 2.5517750020408516 2.0731272386358617 NaN 45.364070623672347 2.2654954854368543
 2.5517036009303933 2.0726319055740254 NaN 45.214538318725836 2.265495451254147
 2.5516322030965397 2.0721368002691327 NaN 45.065269879428719 2.2654954170711807
 2.5515608085391457 2.0716419226164597 NaN 44.916265298373901 2.2654953828879627
 2.5514894172580544 2.0711472725113307 NaN 44.767524568128607 2.265495348704504
 2.5514180292531217 2.070652849849115 NaN 44.619047681234413 2.265495314520809
 2.5513466445241946 2.070158654525232 NaN 44.470834630206994 2.2654952803368857
 2.5512752630711217 2.0696646864351567 NaN 44.322885407536063 2.2654952461527427
 2.5512038848937557 2.0691709454744025 NaN 44.175200005685227 2.2654952119683882
 2.551132509991942 2.0686774315385308 NaN 44.027778417091774 2.2654951777838281
 2.5510611383655335 2.0681841445231566 NaN 43.880620634166704 2.265495143599074
 2.5509897700143793 2.0676910843239442 NaN 43.733726649294425 2.2654951094141289
 2.5509184049383293 2.0671982508365958 NaN 43.587096454832704 2.2654950752290031
 2.5508470431372348 2.0667056439568743 NaN 43.440730043112467 2.2654950410437071
 2.5507756846109406 2.0662132635805781 NaN 43.294627406437677 2.2654950068582433
 2.5507043293593012 2.0657211096035653 NaN 43.148788537085302 2.2654949726726237
 2.5506329773821621 2.0652291819217332 NaN 43.003213427304971 2.2654949384868539
 2.5505616286793735 2.0647374804310306 NaN 42.857902069319032 2.2654949043009456
 2.5504902832507934 2.0642460050274511 NaN 42.712854455322258 2.2654948701149045
 2.5504189410962614 2.0637547556070426 NaN 42.568070577481734 2.2654948359287368
 2.5503476022156311 2.0632637320658946 NaN 42.423550427936824 2.2654948017424541
 2.5502762666087517 2.0627729343001486 NaN 42.279293998798863 2.2654947675560648
 2.5502049342754756 2.0622823622059872 NaN 42.135301282151083 2.2654947333695739
 2.5501336052156489 2.0617920156796501 NaN 41.991572270048465 2.2654946991829936
 2.5500622794291234 2.0613018946174191 NaN 41.848106954517647 2.2654946649963277
 2.5499909569157468 2.0608119989156215 NaN 41.704905327556602 2.2654946308095867
 2.5499196376753721 2.0603223284706385 NaN 41.561967381134707 2.2654945966227817
 2.5498483217078487 2.059832883178895 NaN 41.419293107192331 2.2654945624359195
 2.5497770090130216 2.0593436629368642 NaN 41.276882497640941 2.2654945282490067
 2.5497056995907492 2.0588546676410635 NaN 41.134735544362826 2.2654944940620516
 2.5496343934408725 2.0583658971880667 NaN 40.992852239210848 2.265494459875065
 2.5495630905632445 2.057877351474489 NaN 40.851232574008463 2.2654944256880549
 2.5494917909577186 2.0573890303969908 NaN 40.709876540549502 2.265494391501031
 2.5494204946241426 2.056900933852285 NaN 40.568784130597855 2.265494357313997
 2.5493492015623618 2.0564130617371306 NaN 40.427955335887553 2.2654943231269691
 2.5492779117722328 2.0559254139483327 NaN 40.287390148122462 2.2654942889399501
 2.5492066252535999 2.0554379903827447 NaN 40.147088558976158 2.2654942547529537
 2.5491353420063154 2.0549507909372693 NaN 40.007050560091699 2.2654942205659845
 2.5490640620302307 2.0544638155088526 NaN 39.867276143081575 2.2654941863790521
 2.5489927853251944 2.0539770639944925 NaN 39.727765299527434 2.2654941521921663
 2.548921511891054 2.0534905362912279 NaN 39.58851802097999 2.2654941180053352
 2.5488502417276657 2.0530042322961526 NaN 39.449534298958781 2.2654940838185706
 2.5487789748348706 2.0525181519064057 NaN 39.310814124952124 2.2654940496318763
 2.5487077112125265 2.0520322950191701 NaN 39.17235749041668 2.2654940154452672
 2.5486364508604811 2.0515466615316758 NaN 39.034164386777668 2.26549398125875
 2.5485651937785812 2.0510612513412054 NaN 38.896234805428286 2.2654939470723345
 2.5484939399666793 2.0505760643450857 NaN 38.758568737729846 2.2654939128860239
 2.5484226894246254 2.0500911004406905 NaN 38.621166175011432 2.265493878699838
 2.5483514421522697 2.0496063595254395 NaN 38.484027108569776 2.265493844513776
 2.5482801981494601 2.0491218414968024 NaN 38.347151529669063 2.265493810327853
 2.5482089574160489 2.0486375462522939 NaN 38.210539429540752 2.2654937761420779
 2.5481377199518844 2.0481534736894775 NaN 38.074190799383366 2.2654937419564587
 2.5480664857568165 2.0476696237059619 NaN 37.938105630362351 2.2654937077710056
 2.5479952548306972 2.0471859961994041 NaN 37.80228391360987 2.2654936735857274
 2.5479240271733756 2.0467025910675081 NaN 37.66672564022474 2.2654936394006349
 2.5478528027847012 2.0462194082080249 NaN 37.531430801271867 2.2654936052157355
 2.5477815816645233 2.0457364475187529 NaN 37.396399387782552 2.2654935710310418
 2.5477103638126914 2.045253708897536 NaN 37.261631390753912 2.2654935368465599
 2.5476391492290613 2.0447711922422647 NaN 37.127126801148883 2.2654935026623018
 2.5475679379134739 2.0442888974508846 NaN 36.992885609896035 2.2654934684782755
 2.5474967298657853 2.0438068244213707 NaN 36.858907807889238 2.2654934342944948
 2.547425525085846 2.0433249730517655 NaN 36.725193385987581 2.2654934001109632
 2.5473543235735026 2.0428433432401412 NaN 36.591742335015098 2.2654933659276959
 2.5472831253286059 2.0423619348846298 NaN 36.458554645760678 2.2654933317446995
 2.5472119303510072 2.0418807478833996 NaN 36.325630308977757 2.2654932975619868
 2.5471407386405609 2.041399782134675 NaN 36.192969315384126 2.2654932633795637
 2.5470695501971039 2.0409190375367192 NaN 36.060571655661768 2.2654932291974452
 2.5469983650205004 2.0404385139878505 NaN 35.92843732045668 2.2654931950156394
 2.5469271831105949 2.0399582113864239 NaN 35.796566300378515 2.2654931608341533
 2.5468560044672364 2.0394781296308517 NaN 35.66495858600063 2.265493126652999
 2.5467848290902748 2.0389982686195798 NaN 35.53361416785954 2.2654930924721883
 2.5467136569795619 2.0385186282511185 NaN 35.402533036455033 2.2654930582917316
 2.5466424881349479 2.0380392084240091 NaN 35.271715182249793 2.2654930241116364
 2.5465713225562805 2.0375600090368451 NaN 35.141160595669042 2.2654929899319152
 2.5465001602434132 2.0370810299882702 NaN 35.010869267100723 2.2654929557525767
 2.5464290011961936 2.03660227117697 NaN 34.88084118689487 2.2654929215736317
 2.5463578454144757 2.036123732501677 NaN 34.751076345363579 2.265492887395093
 2.5462866928981036 2.0356454138611748 NaN 34.621574732780836 2.2654928532169678
 2.5462155436469325 2.0351673151542844 NaN 34.492336339382099 2.2654928190392698
 2.5461443976608074 2.0346894362798862 NaN 34.363361155364295 2.2654927848620057
 2.5460732549395866 2.0342117771368944 NaN 34.234649170885469 2.2654927506851892
 2.5460021154831107 2.0337343376242765 NaN 34.10620037606455 2.2654927165088314
 2.5459309792912368 2.0332571176410474 NaN 33.978014760981118 2.2654926823329387
 2.5458598463638151 2.0327801170862636 NaN 33.850092315675191 2.2654926481575259
 2.5457887167006907 2.0323033358590323 NaN 33.722433030147087 2.2654926139826013
 2.5457175903017162 2.0318267738585041 NaN 33.595036894356944 2.265492579808178
 2.5456464671667436 2.0313504309838781 NaN 33.467903898224776 2.2654925456342689
 2.545575347295622 2.0308743071343991 NaN 33.34103403162996 2.2654925114608773
 2.5455042306881999 2.0303984022093595 NaN 33.214427284411194 2.2654924772880221
 2.5454331173443316 2.0299227161080933 NaN 33.088083646366243 2.26549244311571
 2.5453620072638623 2.0294472487299853 NaN 32.962003107251391 2.2654924089439534
 2.5452909004466457 2.0289719999744693 NaN 32.836185656781694 2.2654923747727631
 2.5452197968925314 2.0284969697410147 NaN 32.710631284630267 2.2654923406021479
 2.5451486966013697 2.0280221579291493 NaN 32.585339980428294 2.2654923064321246
 2.5450775995730091 2.027547564438438 NaN 32.460311733764748 2.2654922722626978
 2.5450065058073026 2.0270731891684974 NaN 32.335546534186072 2.2654922380938869
 2.5449354153040966 2.0265990320189888 NaN 32.211044371195825 2.2654922039256942
 2.5448643280632481 2.0261250928896173 NaN 32.086805234254697 2.2654921697581383
 2.5447932440845982 2.0256513716801381 NaN 31.962829112779996 2.2654921355912268
 2.5447221633680051 2.0251778682903496 NaN 31.839115996145509 2.2654921014249716
 2.544651085913316 2.0247045826200942 NaN 31.715665873681129 2.2654920672593861
 2.5445800117203827 2.024231514569268 NaN 31.592478734672707 2.2654920330944761


