# Created by Octave 5.1.0, Thu Jun 11 15:24:05 2020 GMT <unknown@OKONKWO>
# name: RMSProp_Loss
# type: matrix
# rows: 1000
# columns: 1
 290.27915872348535
 289.03773099896597
 288.13970291844856
 287.38930834095231
 286.72431019727316
 286.11581627763383
 285.54772474212803
 285.0100196478071
 284.49599369636434
 284.00091072631108
 283.52129029589776
 283.05449406215678
 282.59847181637048
 282.15159787750525
 281.71256147189365
 281.28029083776306
 280.85389919860705
 280.4326453748746
 280.01590446592479
 279.60314562691656
 279.19391495040333
 278.78782208974633
 278.38452967140375
 277.98374481725375
 277.58521228517958
 277.18870886620635
 276.79403876843145
 276.40102978400068
 276.00953008343328
 275.61940551702918
 275.23053732952894
 274.84282021413543
 274.45616064719763
 274.07047545655291
 273.68569058558415
 273.30174002216307
 272.91856486723253
 272.5361125222496
 272.1543359782533
 271.77319319220612
 271.39264653857595
 271.01266232601796
 270.6332103705862
 270.25426361817591
 269.87579780996862
 269.49779118554096
 269.12022421903686
 268.7430793844394
 268.36634094649241
 267.98999477428868
 267.61402817491199
 267.23842974485399
 266.86318923720847
 266.48829744288821
 266.11374608431601
 265.73952772023222
 265.36563566041144
 264.99206388922079
 264.61880699707871
 264.24586011897571
 263.87321887930619
 263.50087934235501
 263.12883796784274
 262.75709157100516
 262.38563728673768
 262.01447253737996
 261.6435950037735
 261.27300259924675
 260.90269344623596
 260.53266585526677
 260.16291830605974
 259.79344943053906
 259.42425799755569
 259.05534289914982
 258.68670313819115
 258.31833781726851
 257.95024612869236
 257.58242734550061
 257.21488081337174
 256.84760594334665
 256.48060220528026
 256.11386912195371
 255.74740626377184
 255.38121324399694
 255.01528971445717
 254.64963536168588
 254.28424990344826
 253.91913308561536
 253.55428467935087
 253.18970447858067
 252.82539229771473
 252.46134796959649
 252.09757134366066
 251.73406228427072
 251.3708206692267
 251.0078463884204
 250.64513934262575
 250.28269944240981
 249.92052660715356
 249.55862076416932
 249.19698184790713
 248.83560979924263
 248.47450456483105
 248.11366609653155
 247.75309435088502
 247.39278928864658
 247.03275087436336
 246.67297907599516
 246.31347386457315
 245.95423521389199
 245.59526310023378
 245.23655750211924
 244.87811840008277
 244.51994577647179
 244.16203961526449
 243.80439990190732
 243.44702662316709
 243.08991976699926
 242.73307932242926
 242.37650527944416
 242.02019762889699
 241.66415636242013
 241.30838147234667
 240.95287295164084
 240.59763079383336
 240.24265499296664
 239.88794554354087
 239.53350244047064
 239.17932567904086
 238.82541525487164
 238.47177116388332
 238.11839340226621
 237.76528196645373
 237.41243685309851
 237.05985805904905
 236.70754558133078
 236.35549941712745
 236.00371956376569
 235.65220601870072
 235.30095877950265
 234.94997784384449
 234.59926320949322
 234.24881487429801
 233.89863283618388
 233.54871709314239
 233.19906764322553
 232.8496844845389
 232.50056761523726
 232.15171703351797
 231.80313273761703
 231.45481472580585
 231.10676299638649
 230.75897754768818
 230.41145837806556
 230.0642054858952
 229.71721886957249
 229.37049852751113
 229.02404445814031
 228.67785665990178
 228.33193513125059
 227.98627987065186
 227.64089087658022
 227.29576814751849
 226.95091168195688
 226.60632147839129
 226.26199753532376
 225.91793985126026
 225.57414842471127
 225.23062325419005
 224.8873643382131
 224.54437167529889
 224.20164526396783
 223.85918510274163
 223.51699119014347
 223.17506352469653
 222.83340210492426
 222.49200692935176
 222.15087799650229
 221.81001530489976
 221.46941885306708
 221.1290886395266
 220.78902466280013
 220.44922692140804
 220.10969541386973
 219.77043013870335
 219.43143109442582
 219.09269827955208
 218.75423169259622
 218.41603133207025
 218.07809719648449
 217.74042928434778
 217.40302759416684
 217.06589212444652
 216.72902287368996
 216.39241984039822
 216.05608302306999
 215.72001242020269
 215.38420803029064
 215.04866985182713
 214.71339788330206
 214.37839212320441
 214.0436525700201
 213.70917922223325
 213.3749720783257
 213.04103113677641
 212.70735639606298
 212.37394785466012
 212.04080551104033
 211.70792936367403
 211.37531941102884
 211.0429756515706
 210.710898083762
 210.37908670606427
 210.04754151693575
 209.71626251483195
 209.38524969820671
 209.0545030655114
 208.72402261519417
 208.39380834570153
 208.06386025547735
 207.73417834296313
 207.40476260659727
 207.07561304481644
 206.74672965605461
 206.41811243874301
 206.0897613913107
 205.76167651218384
 205.43385779978678
 205.10630525254055
 204.77901886886406
 204.45199864717358
 204.12524458588285
 203.79875668340324
 203.47253493814353
 203.14657934850931
 202.82088991290442
 202.49546662973
 202.17030949738412
 201.84541851426295
 201.52079367875922
 201.19643498926362
 200.8723424441641
 200.54851604184626
 200.22495578069277
 199.90166165908349
 199.57863367539605
 199.25587182800544
 198.93337611528349
 198.61114653559994
 198.28918308732159
 197.96748576881282
 197.64605457843507
 197.32488951454664
 197.00399057550456
 196.68335775966165
 196.36299106536887
 196.04289049097414
 195.72305603482286
 195.40348769525798
 195.08418547061865
 194.76514935924283
 194.44637935946417
 194.12787546961479
 193.80963768802334
 193.49166601301599
 193.17396044291627
 192.85652097604458
 192.53934761071858
 192.22244034525372
 191.90579917796177
 191.58942410715252
 191.27331513113216
 190.95747224820477
 190.64189545667099
 190.3265847548293
 190.01154014097477
 189.69676161339984
 189.38224917039418
 189.06800281024451
 188.75402253123426
 188.44030833164504
 188.12686020975465
 187.81367816383806
 187.50076219216803
 187.18811229301355
 186.87572846464141
 186.563610705315
 186.25175901329484
 185.94017338683901
 185.62885382420183
 185.31780032363554
 185.00701288338885
 184.69649150170736
 184.3862361768345
 184.07624690700985
 183.76652369047048
 183.45706652545044
 183.14787541018069
 182.83895034288895
 182.53029132180035
 182.22189834513676
 181.91377141111738
 181.6059105179574
 181.29831566387006
 180.9909868470651
 180.68392406574918
 180.3771273181257
 180.07059660239554
 179.76433191675565
 179.45833325940086
 179.15260062852229
 178.84713402230781
 178.54193343894278
 178.23699887660868
 177.93233033348491
 177.62792780774643
 177.32379129756598
 177.01992080111285
 176.71631631655316
 176.41297784204991
 176.10990537576285
 175.80709891584846
 175.50455846046029
 175.20228400774837
 174.90027555585971
 174.59853310293812
 174.29705664712387
 173.9958461865545
 173.69490171936377
 173.39422324368257
 173.09381075763838
 172.7936642593551
 172.49378374695439
 172.19416921855316
 171.89482067226589
 171.59573810620367
 171.29692151847433
 170.99837090718185
 170.70008627042779
 170.40206760630915
 170.10431491292096
 169.80682818835368
 169.50960743069513
 169.2126526380294
 168.91596380843748
 168.61954093999671
 168.32338403078106
 168.02749307886103
 167.73186808230392
 167.43650903917347
 167.14141594752996
 166.8465888054302
 166.55202761092755
 166.25773236207178
 165.96370305690971
 165.66993969348383
 165.37644226983383
 165.08321078399544
 164.79024523400122
 164.49754561788004
 164.20511193365712
 163.91294417935435
 163.62104235298978
 163.3294064525783
 163.038036476131
 162.74693242165512
 162.4560942871548
 162.16552207063023
 161.87521577007823
 161.58517538349173
 161.29540090886007
 161.0058923441693
 160.71664968740143
 160.42767293653478
 160.13896208954432
 159.85051714440121
 159.56233809907266
 159.27442495152255
 158.9867776997107
 158.69939634159354
 158.4122808751234
 158.12543129824942
 157.83884760891658
 157.55252980506586
 157.26647788463481
 156.98069184555737
 156.69517168576337
 156.40991740317881
 156.12492899572607
 155.8402064613235
 155.55574979788591
 155.27155900332394
 154.98763407554455
 154.703975012451
 154.42058181194201
 154.13745447191312
 153.85459299025575
 153.57199736485728
 153.28966759360117
 153.00760367436723
 152.72580560503073
 152.44427338346364
 152.16300700753391
 151.88200647510496
 151.60127178403661
 151.32080293218451
 151.04059991740067
 150.76066273753264
 150.48099139042418
 150.20158587391481
 149.92244618584024
 149.64357232403191
 149.3649642863173
 149.08662207051964
 148.80854567445843
 148.53073509594847
 148.2531903328009
 147.97591138282274
 147.69889824381647
 147.42215091358059
 147.14566938990967
 146.86945367059369
 146.59350375341884
 146.3178196361668
 146.0424013166151
 145.76724879253717
 145.49236206170204
 145.21774112187435
 144.94338597081489
 144.66929660627989
 144.39547302602125
 144.12191522778664
 143.8486232093195
 143.5755969683587
 143.30283650263902
 143.03034180989067
 142.75811288783973
 142.48614973420769
 142.21445234671182
 141.94302072306482
 141.67185486097492
 141.40095475814607
 141.13032041227814
 140.85995182106555
 140.58984898219924
 140.32001189336506
 140.05044055224451
 139.78113495651496
 139.51209510384868
 139.24332099191383
 138.97481261837368
 138.70656998088708
 138.43859307710858
 138.17088190468769
 137.90343646126968
 137.63625674449463
 137.36934275199891
 137.10269448141375
 136.83631193036524
 136.57019509647569
 136.30434397736221
 136.03875857063699
 135.77343887390828
 135.50838488477891
 135.24359660084735
 134.97907401970701
 134.71481713894684
 134.45082595615082
 134.18710046889817
 133.92364067476325
 133.6604465713157
 133.39751815612033
 133.13485542673703
 132.87245838072076
 132.61032701562175
 132.34846132898508
 132.08686131835128
 131.82552698125571
 131.56445831522882
 131.30365531779623
 131.04311798647817
 130.78284631879046
 130.52284031224357
 130.26309996434307
 130.00362527258943
 129.74441623447819
 129.48547284749966
 129.22679510913918
 128.96838301687708
 128.71023656818829
 128.45235576054282
 128.19474059140578
 127.93739105823663
 127.68030715849007
 127.4234888896151
 127.16693624905612
 126.91064923425218
 126.65462784263666
 126.39887207163831
 126.14338191868013
 125.88815738117987
 125.63319845655039
 125.378505142199
 125.12407743552747
 124.86991533393228
 124.61601883480486
 124.36238793553116
 124.10902263349134
 123.8559229260608
 123.60308881060882
 123.35052028449988
 123.09821734509237
 122.84617998973971
 122.5944082157896
 122.34290202058423
 122.0916614014604
 121.840686355749
 121.58997688077568
 121.33953297386039
 121.08935463231762
 120.83944185345615
 120.58979463457898
 120.34041297298349
 120.09129686596178
 119.84244631079959
 119.59386130477758
 119.34554184517037
 119.09748792924667
 118.84969955426989
 118.60217671749746
 118.35491941618064
 118.10792764756557
 117.861201408892
 117.61474069739393
 117.36854551029973
 117.12261584483171
 116.87695169820603
 116.63155306763348
 116.3864199503184
 116.1415523434593
 115.89695024424897
 115.6526136498739
 115.40854255751465
 115.16473696434556
 114.92119686753536
 114.67792226424622
 114.43491315163436
 114.19216952685011
 113.94969138703733
 113.7074787293338
 113.46553155087132
 113.22384984877543
 112.98243362016508
 112.74128286215351
 112.50039757184736
 112.25977774634703
 112.01942338274677
 111.77933447813436
 111.53951102959127
 111.29995303419263
 111.06066048900729
 110.82163339109742
 110.58287173751904
 110.34437552532167
 110.10614475154814
 109.8681794132351
 109.63047950741226
 109.39304503110353
 109.15587598132554
 108.91897235508871
 108.68233414939672
 108.4459613612467
 108.20985398762916
 107.97401202552777
 107.73843547191989
 107.50312432377596
 107.26807857805947
 107.03329823172754
 106.79878328173014
 106.56453372501086
 106.33054955850615
 106.09683077914569
 105.86337738385249
 105.63018936954241
 105.39726673312437
 105.16460947150074
 104.93221758156643
 104.70009106020987
 104.46822990431211
 104.23663411074729
 104.0053036763825
 103.7742385980778
 103.54343887268627
 103.31290449705347
 103.08263546801813
 102.85263178241173
 102.62289343705869
 102.39342042877584
 102.16421275437325
 101.93527041065329
 101.70659339441136
 101.47818170243526
 101.25003533150579
 101.02215427839597
 100.79453853987178
 100.56718811269164
 100.34010299360635
 100.1132831793597
 99.886728666687432
 99.660439452318101
 99.434415532972736
 99.208656905364677
 98.983163566199494
 98.757935512175635
 98.532972739983379
 98.308275246305513
 98.083843027817295
 97.859676081185924
 97.635774403071068
 97.412137990124592
 97.188766838990404
 96.965660946304752
 96.742820308695826
 96.520244922784158
 96.297934785182179
 96.075889892494274
 95.854110241317187
 95.632595828239417
 95.411346649841235
 95.190362702695396
 94.969643983366069
 94.749190488409468
 94.529002214373747
 94.309079157798763
 94.089421315216171
 93.870028683149357
 93.650901258113706
 93.43203903661599
 93.213442015154669
 92.995110190220117
 92.777043558294096
 92.559242115850012
 92.341705859352771
 92.124434785258984
 91.907428890016476
 91.690688170064874
 91.474212621834951
 91.258002241749011
 91.042057026220675
 90.826376971655037
 90.610962074448281
 90.395812330988107
 90.180927737653249
 89.966308290813856
 89.751953986830969
 89.537864822057273
 89.324040792835987
 89.110481895501806
 88.897188126380385
 88.684159481788299
 88.471395958033298
 88.258897551413881
 88.04666425821965
 87.834696074731028
 87.622992997219228
 87.411555021946313
 87.200382145165321
 86.98947436311974
 86.778831672043978
 86.568454068162907
 86.358341547692561
 86.148494106838925
 85.938911741799004
 85.729594448760281
 85.520542223900648
 85.311755063388532
 85.10323296338278
 84.894975920032621
 84.68698392947779
 84.479256987848245
 84.271795091264181
 84.064598235836229
 83.857666417665044
 83.650999632841547
 83.444597877446967
 83.238461147552357
 83.03258943921908
 82.826982748498367
 82.621641071431668
 82.416564404050163
 82.211752742375168
 82.007206082417582
 81.802924420178513
 81.598907751648738
 81.395156072808575
 81.191669379628493
 80.988447668068318
 80.785490934077686
 80.58279917359576
 80.380372382551428
 80.178210556862908
 79.976313692438055
 79.774681785174209
 79.573314830957855
 79.372212825665201
 79.171375765161557
 78.970803645301686
 78.770496461929355
 78.570454210877728
 78.370676887969253
 78.171164489015183
 77.971917009815982
 77.772934446161187
 77.57421679382945
 77.375764048588096
 77.177576206193606
 76.979653262391096
 76.78199521291468
 76.584602053487245
 76.387473779820269
 76.190610387614143
 75.994011872557635
 75.797678230328302
 75.601609456592215
 75.405805547003922
 75.210266497206433
 75.014992302831274
 74.819982959498077
 74.625238462815176
 74.430758808378769
 74.236543991773772
 74.042594008572792
 73.848908854336941
 73.655488524615137
 73.46233301494469
 73.269442320850459
 73.076816437845594
 72.884455361431037
 72.692359087095539
 72.500527610315658
 72.308960926555841
 72.117659031267948
 71.926621919891872
 71.735849587854702
 71.545342030571291
 71.355099243444045
 71.165121221862762
 70.975407961204496
 70.785959456833851
 70.59677570410264
 70.407856698349903
 70.21920243490186
 70.030812909071912
 69.84268811616046
 69.654828051455127
 69.467232710230263
 69.279902087747303
 69.092836179254505
 68.90603497998687
 68.719498485166369
 68.533226690001428
 68.347219589687342
 68.161477179405779
 67.975999454325063
 67.790786409600102
 67.605838040371978
 67.421154341768386
 67.23673530890315
 67.052580936876524
 66.868691220774807
 66.685066155670555
 66.501705736622199
 66.318609958674401
 66.135778816857737
 65.95321230618859
 65.770910421669285
 65.588873158287953
 65.407100511018271
 65.225592474819848
 65.044349044637613
 64.863370215402227
 64.682655982029715
 64.502206339421605
 64.322021282464732
 64.142100806031053
 63.96244490497822
 63.783053574148411
 63.603926808369536
 63.425064602454022
 63.246466951199494
 63.068133849388609
 62.890065291788609
 62.712261273151498
 62.534721788214291
 62.357446831698439
 62.180436398309844
 62.003690482739131
 61.827209079661294
 61.650992183735589
 61.475039789605788
 61.299351891899647
 61.123928485229243
 60.948769564190712
 60.773875123364213
 60.599245157313781
 60.4248796605875
 60.250778627717096
 60.076942053218104
 59.903369931589687
 59.730062257314707
 59.557019024859386
 59.384240228673498
 59.211725863190146
 59.039475922825716
 58.867490401979886
 58.695769295035419
 58.524312596358115
 58.353120300296915
 58.182192401183507
 58.011528893332525
 57.84112977104126
 57.67099502858985
 57.501124660240926
 57.331518660239574
 57.162177022813545
 56.993099742172781
 56.824286812509577
 56.655738227998363
 56.487453982795792
 56.319434071040547
 56.151678486853143
 55.984187224336139
 55.816960277573834
 55.649997640632172
 55.483299307558788
 55.316865272382863
 55.15069552911492
 54.984790071746971
 54.819148894252322
 54.653771990585405
 54.488659354681801
 54.323810980457978
 54.159226861811611
 53.994906992620955
 53.830851366745087
 53.667059978023801
 53.503532820277385
 53.340269887306739
 53.177271172892951
 53.01453667079754
 52.852066374762259
 52.689860278508796
 52.527918375738942
 52.36624066013448
 52.204827125356921
 52.043677765047505
 51.882792572827164
 51.722171542296195
 51.561814667034582
 51.401721940601441
 51.241893356535144
 51.082328908353269
 50.923028589552395
 50.763992393608042
 50.605220313974527
 50.446712344084951
 50.288468477350904
 50.130488707162648
 49.972773026888817
 49.815321429876285
 49.658133909450207
 49.501210458913839
 49.344551071548352
 49.188155740612849
 49.03202445934425
 48.876157220956991
 48.720554018643199
 48.565214845572442
 48.410139694891534
 48.255328559724518
 48.100781433172649
 47.946498308313991
 47.792479178203664
 47.63872403587343
 47.485232874331793
 47.332005686563605
 47.17904246553038
 47.026343204169741
 46.873907895395469
 46.721736532097545
 46.569829107141821
 46.418185613369801
 46.266806043598962
 46.115690390622092
 45.964838647207507
 45.814250806098912
 45.66392686001511
 45.513866801649975
 45.364070623672347
 45.214538318725836
 45.065269879428719
 44.916265298373901
 44.767524568128607
 44.619047681234413
 44.470834630206994
 44.322885407536063
 44.175200005685227
 44.027778417091774
 43.880620634166704
 43.733726649294425
 43.587096454832704
 43.440730043112467
 43.294627406437677
 43.148788537085302
 43.003213427304971
 42.857902069319032
 42.712854455322258
 42.568070577481734
 42.423550427936824
 42.279293998798863
 42.135301282151083
 41.991572270048465
 41.848106954517647
 41.704905327556602
 41.561967381134707
 41.419293107192331
 41.276882497640941
 41.134735544362826
 40.992852239210848
 40.851232574008463
 40.709876540549502
 40.568784130597855
 40.427955335887553
 40.287390148122462
 40.147088558976158
 40.007050560091699
 39.867276143081575
 39.727765299527434
 39.58851802097999
 39.449534298958781
 39.310814124952124
 39.17235749041668
 39.034164386777668
 38.896234805428286
 38.758568737729846
 38.621166175011432
 38.484027108569776
 38.347151529669063
 38.210539429540752
 38.074190799383366
 37.938105630362351
 37.80228391360987
 37.66672564022474
 37.531430801271867
 37.396399387782552
 37.261631390753912
 37.127126801148883
 36.992885609896035
 36.858907807889238
 36.725193385987581
 36.591742335015098
 36.458554645760678
 36.325630308977757
 36.192969315384126
 36.060571655661768
 35.92843732045668
 35.796566300378515
 35.66495858600063
 35.53361416785954
 35.402533036455033
 35.271715182249793
 35.141160595669042
 35.010869267100723
 34.88084118689487
 34.751076345363579
 34.621574732780836
 34.492336339382099
 34.363361155364295
 34.234649170885469
 34.10620037606455
 33.978014760981118
 33.850092315675191
 33.722433030147087
 33.595036894356944
 33.467903898224776
 33.34103403162996
 33.214427284411194
 33.088083646366243
 32.962003107251391
 32.836185656781694
 32.710631284630267
 32.585339980428294
 32.460311733764748
 32.335546534186072
 32.211044371195825
 32.086805234254697
 31.962829112779996
 31.839115996145509
 31.715665873681129
 31.592478734672707


