# Created by Octave 5.1.0, Thu Jun 11 15:24:04 2020 GMT <unknown@OKONKWO>
# name: SGD_Loss
# type: matrix
# rows: 1000
# columns: 1
 290.27915872348535
 169.78324893895578
 99.760638215439656
 59.069069563435001
 35.422355221251514
 21.68074611713859
 13.695191479911312
 9.0545950470998804
 6.3578206293691419
 4.7906400054643932
 3.8798888953292923
 3.350602086414149
 3.0429918024660663
 2.8642021756350493
 2.7602728067192985
 2.6998462301171089
 2.664699996337577
 2.644244676066918
 2.6323265404527971
 2.6253695347649497
 2.6212955421833382
 2.6188969275223775
 2.6174719098583807
 2.6166126702814823
 2.6160822170786839
 2.6157428296326071
 2.615514475742053
 2.6153506470965473
 2.6152243167880047
 2.6151197789403215
 2.6150279065551776
 2.6149433957515087
 2.6148631643380376
 2.6147854211917965
 2.6147091254553954
 2.6146336722657511
 2.6145587101247783
 2.6144840347698612
 2.6144095274998427
 2.6143351193350464
 2.614260770189941
 2.6141864567699531
 2.6141121655380815
 2.6140378886276343
 2.6139636214670565
 2.6138893613996617
 2.6138151068815283
 2.6137408570153911
 2.6136666112797595
 2.6135923693715228
 2.6135181311144771
 2.613443896406149
 2.6133696651869363
 2.6132954374221313
 2.613221213091498
 2.6131469921832164
 2.613072774690349
 2.6129985606087951
 2.6129243499361152
 2.6128501426708151
 2.6127759388119705
 2.6127017383589797
 2.6126275413114159
 2.6125533476689782
 2.6124791574314181
 2.6124049705985306
 2.6123307871701256
 2.6122566071460356
 2.612182430526091
 2.6121082573101315
 2.6120340874979928
 2.6119599210895239
 2.6118857580845614
 2.6118115984829502
 2.6117374422845341
 2.6116632894891585
 2.6115891400966635
 2.6115149941068987
 2.6114408515196996
 2.6113667123349154
 2.6112925765523896
 2.6112184441719668
 2.6111443151934877
 2.6110701896167967
 2.6109960674417407
 2.6109219486681634
 2.6108478332959044
 2.6107737213248114
 2.6106996127547282
 2.6106255075854969
 2.610551405816961
 2.6104773074489693
 2.6104032124813621
 2.610329120913979
 2.6102550327466707
 2.6101809479792797
 2.6101068666116487
 2.6100327886436228
 2.6099587140750447
 2.6098846429057607
 2.6098105751356115
 2.6097365107644426
 2.6096624497920988
 2.609588392218424
 2.6095143380432617
 2.6094402872664557
 2.6093662398878497
 2.6092921959072881
 2.609218155324617
 2.6091441181396777
 2.609070084352318
 2.6089960539623771
 2.6089220269697009
 2.6088480033741344
 2.6087739831755221
 2.6086999663737074
 2.6086259529685321
 2.6085519429598429
 2.6084779363474846
 2.608403933131298
 2.6083299333111332
 2.6082559368868306
 2.6081819438582325
 2.6081079542251846
 2.6080339679875322
 2.6079599851451172
 2.6078860056977891
 2.6078120296453857
 2.607738056987754
 2.6076640877247392
 2.6075901218561821
 2.6075161593819325
 2.6074422003018274
 2.6073682446157185
 2.607294292323445
 2.6072203434248533
 2.6071463979197875
 2.6070724558080918
 2.6069985170896084
 2.6069245817641851
 2.606850649831661
 2.6067767212918875
 2.6067027961447029
 2.6066288743899553
 2.606554956027487
 2.606481041057144
 2.606407129478769
 2.6063332212922026
 2.6062593164973
 2.6061854150938943
 2.6061115170818372
 2.60603762246097
 2.605963731231137
 2.605889843392184
 2.6058159589439516
 2.6057420778862888
 2.6056682002190388
 2.6055943259420449
 2.6055204550551543
 2.6054465875582062
 2.6053727234510475
 2.6052988627335263
 2.6052250054054809
 2.6051511514667607
 2.6050773009172072
 2.6050034537566678
 2.6049296099849819
 2.6048557696019987
 2.6047819326075632
 2.6047080990015132
 2.6046342687837032
 2.6045604419539683
 2.6044866185121602
 2.6044127984581187
 2.6043389817916904
 2.6042651685127192
 2.6041913586210503
 2.6041175521165276
 2.6040437489989952
 2.6039699492682997
 2.6038961529242823
 2.6038223599667925
 2.6037485703956702
 2.6036747842107624
 2.6036010014119131
 2.6035272219989674
 2.6034534459717689
 2.6033796733301622
 2.6033059040739923
 2.6032321382031065
 2.6031583757173431
 2.6030846166165533
 2.60301086090058
 2.6029371085692641
 2.6028633596224555
 2.6027896140599953
 2.6027158718817303
 2.6026421330875036
 2.6025683976771616
 2.6024946656505481
 2.6024209370075067
 2.6023472117478854
 2.6022734898715223
 2.6021997713782712
 2.6021260562679691
 2.6020523445404655
 2.601978636195605
 2.6019049312332294
 2.601831229653182
 2.6017575314553172
 2.6016838366394683
 2.6016101452054849
 2.6015364571532138
 2.6014627724824972
 2.6013890911931816
 2.6013154132851102
 2.601241738758127
 2.601168067612079
 2.6010943998468123
 2.6010207354621673
 2.6009470744579923
 2.6008734168341325
 2.6007997625904302
 2.6007261117267326
 2.6006524642428834
 2.6005788201387277
 2.6005051794141076
 2.6004315420688733
 2.60035790810287
 2.6002842775159367
 2.6002106503079214
 2.6001370264786705
 2.6000634060280237
 2.599989788955833
 2.5999161752619409
 2.5998425649461918
 2.5997689580084291
 2.5996953544484991
 2.5996217542662481
 2.5995481574615233
 2.5994745640341606
 2.5994009739840118
 2.5993273873109235
 2.5992538040147348
 2.5991802240952961
 2.5991066475524485
 2.5990330743860417
 2.5989595045959177
 2.5988859381819203
 2.5988123751438956
 2.5987388154816919
 2.5986652591951471
 2.5985917062841133
 2.5985181567484337
 2.5984446105879524
 2.5983710678025171
 2.5982975283919649
 2.5982239923561505
 2.5981504596949181
 2.5980769304081051
 2.5980034044955613
 2.5979298819571377
 2.5978563627926694
 2.5977828470020068
 2.5977093345849931
 2.5976358255414751
 2.5975623198712987
 2.5974888175743076
 2.597415318650349
 2.5973418230992631
 2.5972683309209001
 2.5971948421151065
 2.5971213566817206
 2.5970478746205918
 2.5969743959315674
 2.5969009206144897
 2.5968274486692042
 2.5967539800955581
 2.5966805148933951
 2.5966070530625585
 2.5965335946028976
 2.5964601395142557
 2.5963866877964756
 2.5963132394494091
 2.5962397944728961
 2.5961663528667831
 2.5960929146309186
 2.5960194797651428
 2.5959460482693029
 2.595872620143246
 2.5957991953868165
 2.5957257739998605
 2.5956523559822187
 2.5955789413337427
 2.5955055300542744
 2.5954321221436611
 2.5953587176017479
 2.5952853164283778
 2.5952119186233995
 2.5951385241866558
 2.595065133117993
 2.5949917454172575
 2.5949183610842934
 2.5948449801189493
 2.5947716025210648
 2.5946982282904902
 2.5946248574270689
 2.5945514899306477
 2.594478125801071
 2.5944047650381865
 2.5943314076418371
 2.5942580536118669
 2.5941847029481244
 2.5941113556504538
 2.5940380117187019
 2.5939646711527131
 2.5938913339523335
 2.5938180001174107
 2.5937446696477839
 2.5936713425433067
 2.5935980188038195
 2.5935246984291678
 2.593451381419198
 2.5933780677737595
 2.5933047574926928
 2.5932314505758418
 2.5931581470230594
 2.5930848468341887
 2.5930115500090731
 2.5929382565475572
 2.5928649664494903
 2.5927916797147179
 2.5927183963430798
 2.5926451163344315
 2.5925718396886115
 2.5924985664054634
 2.5924252964848398
 2.5923520299265834
 2.5922787667305403
 2.5922055068965544
 2.5921322504244717
 2.5920589973141412
 2.5919857475654049
 2.5919125011781112
 2.5918392581521039
 2.5917660184872298
 2.5916927821833338
 2.5916195492402636
 2.5915463196578621
 2.591473093435976
 2.5913998705744543
 2.5913266510731376
 2.5912534349318741
 2.5911802221505105
 2.5911070127288931
 2.5910338066668661
 2.5909606039642745
 2.5908874046209664
 2.5908142086367865
 2.5907410160115774
 2.590667826745193
 2.5905946408374709
 2.5905214582882627
 2.5904482790974144
 2.5903751032647651
 2.5903019307901669
 2.5902287616734649
 2.5901555959145028
 2.5900824335131296
 2.5900092744691872
 2.5899361187825249
 2.5898629664529862
 2.5897898174804199
 2.5897166718646689
 2.5896435296055809
 2.5895703907030012
 2.5894972551567785
 2.5894241229667556
 2.5893509941327779
 2.5892778686546949
 2.5892047465323471
 2.5891316277655854
 2.5890585123542573
 2.5889854002982018
 2.5889122915972718
 2.5888391862513078
 2.5887660842601616
 2.5886929856236742
 2.5886198903416928
 2.5885467984140669
 2.5884737098406396
 2.5884006246212556
 2.5883275427557622
 2.5882544642440086
 2.5881813890858361
 2.5881083172810935
 2.588035248829625
 2.5879621837312814
 2.5878891219859046
 2.5878160635933409
 2.5877430085534376
 2.5876699568660411
 2.5875969085309967
 2.5875238635481486
 2.5874508219173467
 2.5873777836384368
 2.5873047487112606
 2.58723171713567
 2.5871586889115084
 2.5870856640386242
 2.5870126425168589
 2.5869396243460629
 2.5868666095260822
 2.5867935980567602
 2.586720589937948
 2.5866475851694828
 2.5865745837512222
 2.5865015856830071
 2.5864285909646796
 2.5863555995960934
 2.5862826115770909
 2.5862096269075181
 2.5861366455872243
 2.5860636676160507
 2.5859906929938492
 2.5859177217204623
 2.585844753795739
 2.585771789219522
 2.5856988279916582
 2.5856258701119974
 2.5855529155803856
 2.5854799643966677
 2.5854070165606893
 2.5853340720722957
 2.5852611309313356
 2.5851881931376584
 2.5851152586911024
 2.5850423275915211
 2.58496939983876
 2.58489647543266
 2.5848235543730715
 2.5847506366598409
 2.5846777222928181
 2.5846048112718414
 2.5845319035967642
 2.5844589992674312
 2.5843860982836864
 2.5843132006453793
 2.5842403063523571
 2.5841674154044609
 2.5840945278015406
 2.584021643543446
 2.5839487626300186
 2.5838758850611065
 2.5838030108365562
 2.5837301399562143
 2.5836572724199294
 2.5835844082275465
 2.5835115473789085
 2.5834386898738657
 2.5833658357122662
 2.5832929848939523
 2.583220137418774
 2.5831472932865771
 2.5830744524972076
 2.5830016150505108
 2.5829287809463368
 2.5828559501845296
 2.5827831227649378
 2.5827102986874051
 2.5826374779517796
 2.5825646605579085
 2.5824918465056381
 2.5824190357948118
 2.5823462284252834
 2.5822734243968934
 2.5822006237094928
 2.582127826362925
 2.5820550323570375
 2.5819822416916773
 2.5819094543666923
 2.5818366703819269
 2.5817638897372284
 2.5816911124324444
 2.5816183384674223
 2.5815455678420043
 2.5814728005560434
 2.5814000366093857
 2.5813272760018711
 2.5812545187333553
 2.5811817648036808
 2.5811090142126907
 2.581036266960238
 2.5809635230461678
 2.5808907824703242
 2.5808180452325566
 2.580745311332711
 2.5806725807706381
 2.5805998535461776
 2.5805271296591807
 2.5804544091094912
 2.5803816918969602
 2.5803089780214314
 2.5802362674827548
 2.5801635602807731
 2.580090856415334
 2.5800181558862882
 2.57994545869348
 2.5798727648367539
 2.5798000743159619
 2.5797273871309483
 2.5796547032815584
 2.5795820227676396
 2.5795093455890425
 2.5794366717456092
 2.5793640012371912
 2.5792913340636332
 2.579218670224781
 2.579146009720481
 2.5790733525505853
 2.5790006987149363
 2.5789280482133798
 2.5788554010457676
 2.5787827572119419
 2.5787101167117559
 2.5786374795450513
 2.5785648457116759
 2.5784922152114782
 2.5784195880443024
 2.578346964210001
 2.5782743437084137
 2.5782017265393953
 2.5781291127027886
 2.5780565021984385
 2.577983895026196
 2.5779112911859077
 2.5778386906774204
 2.5777660935005784
 2.5776934996552332
 2.5776209091412303
 2.5775483219584143
 2.5774757381066369
 2.5774031575857421
 2.5773305803955777
 2.5772580065359896
 2.5771854360068263
 2.5771128688079354
 2.5770403049391644
 2.5769677444003611
 2.5768951871913663
 2.5768226333120361
 2.5767500827622132
 2.5766775355417444
 2.5766049916504787
 2.5765324510882621
 2.5764599138549422
 2.576387379950368
 2.576314849374381
 2.5762423221268351
 2.5761697982075749
 2.5760972776164479
 2.5760247603533011
 2.5759522464179789
 2.5758797358103362
 2.5758072285302132
 2.5757347245774609
 2.5756622239519231
 2.5755897266534511
 2.5755172326818894
 2.5754447420370856
 2.5753722547188889
 2.5752997707271472
 2.5752272900617044
 2.5751548127224084
 2.5750823387091111
 2.5750098680216551
 2.5749374006598886
 2.5748649366236607
 2.5747924759128167
 2.5747200185272061
 2.5746475644666726
 2.5745751137310697
 2.5745026663202397
 2.5744302222340303
 2.57435778147229
 2.5742853440348701
 2.5742129099216129
 2.5741404791323688
 2.5740680516669836
 2.573995627525302
 2.5739232067071769
 2.573850789212452
 2.5737783750409799
 2.5737059641925986
 2.5736335566671666
 2.5735611524645243
 2.5734887515845202
 2.5734163540270041
 2.5733439597918224
 2.5732715688788224
 2.5731991812878516
 2.5731267970187579
 2.5730544160713866
 2.572982038445589
 2.5729096641412106
 2.5728372931581007
 2.5727649254961018
 2.5726925611550686
 2.5726202001348439
 2.5725478424352772
 2.5724754880562162
 2.5724031369975071
 2.5723307892589982
 2.5722584448405388
 2.5721861037419753
 2.5721137659631514
 2.5720414315039215
 2.5719691003641314
 2.5718967725436235
 2.5718244480422512
 2.5717521268598618
 2.5716798089963033
 2.5716074944514191
 2.5715351832250604
 2.5714628753170752
 2.5713905707273095
 2.5713182694556078
 2.5712459715018245
 2.571173676865806
 2.5711013855473985
 2.5710290975464489
 2.5709568128628066
 2.5708845314963171
 2.5708122534468334
 2.5707399787141965
 2.5706677072982598
 2.5705954391988675
 2.5705231744158676
 2.5704509129491089
 2.5703786547984402
 2.5703063999637092
 2.5702341484447584
 2.5701619002414438
 2.5700896553536117
 2.5700174137811045
 2.5699451755237726
 2.5698729405814675
 2.5698007089540327
 2.5697284806413165
 2.5696562556431721
 2.569584033959436
 2.5695118155899674
 2.5694396005346105
 2.5693673887932129
 2.5692951803656214
 2.5692229752516842
 2.5691507734512511
 2.5690785749641685
 2.5690063797902849
 2.5689341879294494
 2.5688619993815069
 2.5687898141463079
 2.5687176322236973
 2.5686454536135268
 2.5685732783156459
 2.5685011063298981
 2.5684289376561327
 2.568356772294198
 2.5682846102439401
 2.5682124515052092
 2.5681402960778561
 2.5680681439617241
 2.5679959951566604
 2.5679238496625199
 2.567851707479146
 2.5677795686063853
 2.5677074330440877
 2.5676353007921011
 2.567563171850276
 2.5674910462184566
 2.567418923896494
 2.5673468048842314
 2.5672746891815237
 2.5672025767882176
 2.5671304677041555
 2.5670583619291918
 2.5669862594631714
 2.5669141603059451
 2.5668420644573562
 2.5667699719172599
 2.5666978826854989
 2.5666257967619219
 2.5665537141463783
 2.5664816348387163
 2.5664095588387847
 2.5663374861464332
 2.5662654167615035
 2.5661933506838519
 2.5661212879133197
 2.5660492284497605
 2.5659771722930187
 2.565905119442943
 2.5658330698993872
 2.5657610236621933
 2.565688980731212
 2.5656169411062888
 2.5655449047872732
 2.5654728717740194
 2.5654008420663681
 2.5653288156641718
 2.5652567925672756
 2.5651847727755284
 2.5651127562887828
 2.5650407431068838
 2.5649687332296787
 2.5648967266570155
 2.5648247233887465
 2.5647527234247152
 2.5646807267647751
 2.564608733408769
 2.5645367433565514
 2.5644647566079688
 2.5643927731628646
 2.5643207930210945
 2.564248816182499
 2.5641768426469351
 2.5641048724142461
 2.5640329054842788
 2.5639609418568856
 2.5638889815319126
 2.5638170245092105
 2.5637450707886247
 2.5636731203700105
 2.5636011732532062
 2.5635292294380663
 2.5634572889244387
 2.5633853517121716
 2.5633134178011132
 2.5632414871911111
 2.5631695598820161
 2.5630976358736768
 2.5630257151659377
 2.5629537977586527
 2.562881883651666
 2.5628099728448279
 2.5627380653379888
 2.5626661611309922
 2.5625942602236949
 2.5625223626159377
 2.5624504683075728
 2.5623785772984453
 2.5623066895884086
 2.5622348051773094
 2.5621629240649946
 2.5620910462513136
 2.5620191717361163
 2.561947300519253
 2.5618754326005688
 2.5618035679799132
 2.561731706657135
 2.561659848632083
 2.5615879939046065
 2.5615161424745545
 2.5614442943417752
 2.5613724495061145
 2.561300607967425
 2.5612287697255534
 2.5611569347803487
 2.5610851031316622
 2.5610132747793384
 2.5609414497232263
 2.5608696279631804
 2.560797809499042
 2.5607259943306646
 2.5606541824578946
 2.5605823738805817
 2.5605105685985725
 2.5604387666117225
 2.5603669679198719
 2.5602951725228777
 2.5602233804205818
 2.5601515916128363
 2.5600798060994876
 2.5600080238803873
 2.5599362449553849
 2.5598644693243267
 2.5597926969870639
 2.5597209279434407
 2.5596491621933106
 2.5595773997365212
 2.5595056405729197
 2.5594338847023601
 2.5593621321246847
 2.5592903828397442
 2.559218636847389
 2.5591468941474722
 2.559075154739832
 2.5590034186243296
 2.5589316858008013
 2.558859956269107
 2.5587882300290885
 2.5587165070805984
 2.5586447874234848
 2.5585730710575958
 2.5585013579827827
 2.5584296481988904
 2.5583579417057725
 2.5582862385032756
 2.5582145385912463
 2.5581428419695391
 2.5580711486379992
 2.5579994585964752
 2.5579277718448172
 2.5578560883828758
 2.5577844082105003
 2.557712731327535
 2.5576410577338335
 2.5575693874292424
 2.557497720413612
 2.5574260566867935
 2.5573543962486323
 2.5572827390989792
 2.5572110852376801
 2.5571394346645926
 2.557067787379554
 2.5569961433824213
 2.5569245026730423
 2.5568528652512672
 2.5567812311169411
 2.556709600269917
 2.5566379727100443
 2.5565663484371672
 2.5564947274511391
 2.55642310975181
 2.5563514953390243
 2.5562798842126364
 2.5562082763724927
 2.5561366718184431
 2.5560650705503374
 2.5559934725680202
 2.5559218778713522
 2.5558502864601689
 2.5557786983343256
 2.5557071134936757
 2.5556355319380617
 2.5555639536673365
 2.5554923786813468
 2.5554208069799453
 2.555349238562977
 2.5552776734302931
 2.5552061115817444
 2.5551345530171821
 2.5550629977364481
 2.5549914457394003
 2.554919897025882
 2.5548483515957434
 2.5547768094488346
 2.5547052705850049
 2.5546337350041077
 2.5545622027059838
 2.5544906736904878
 2.5544191479574709
 2.554347625506777
 2.5542761063382629
 2.5542045904517683
 2.5541330778471538
 2.5540615685242574
 2.5539900624829373
 2.5539185597230403
 2.5538470602444105
 2.553775564046906
 2.5537040711303725
 2.553632581494659
 2.5535610951396115
 2.5534896120650874
 2.5534181322709304
 2.553346655756989
 2.5532751825231164
 2.55320371256916
 2.553132245894973
 2.553060782500399
 2.5529893223852915
 2.5529178655494982
 2.5528464119928689
 2.552774961715254
 2.552703514716502
 2.5526320709964656
 2.5525606305549888
 2.5524891933919243
 2.5524177595071227
 2.5523463289004327
 2.552274901571701
 2.5522034775207811
 2.5521320567475199
 2.5520606392517671
 2.5519892250333771
 2.5519178140921941
 2.5518464064280697
 2.5517750020408516
 2.5517036009303933
 2.5516322030965397
 2.5515608085391457
 2.5514894172580544
 2.5514180292531217
 2.5513466445241946
 2.5512752630711217
 2.5512038848937557
 2.551132509991942
 2.5510611383655335
 2.5509897700143793
 2.5509184049383293
 2.5508470431372348
 2.5507756846109406
 2.5507043293593012
 2.5506329773821621
 2.5505616286793735
 2.5504902832507934
 2.5504189410962614
 2.5503476022156311
 2.5502762666087517
 2.5502049342754756
 2.5501336052156489
 2.5500622794291234
 2.5499909569157468
 2.5499196376753721
 2.5498483217078487
 2.5497770090130216
 2.5497056995907492
 2.5496343934408725
 2.5495630905632445
 2.5494917909577186
 2.5494204946241426
 2.5493492015623618
 2.5492779117722328
 2.5492066252535999
 2.5491353420063154
 2.5490640620302307
 2.5489927853251944
 2.548921511891054
 2.5488502417276657
 2.5487789748348706
 2.5487077112125265
 2.5486364508604811
 2.5485651937785812
 2.5484939399666793
 2.5484226894246254
 2.5483514421522697
 2.5482801981494601
 2.5482089574160489
 2.5481377199518844
 2.5480664857568165
 2.5479952548306972
 2.5479240271733756
 2.5478528027847012
 2.5477815816645233
 2.5477103638126914
 2.5476391492290613
 2.5475679379134739
 2.5474967298657853
 2.547425525085846
 2.5473543235735026
 2.5472831253286059
 2.5472119303510072
 2.5471407386405609
 2.5470695501971039
 2.5469983650205004
 2.5469271831105949
 2.5468560044672364
 2.5467848290902748
 2.5467136569795619
 2.5466424881349479
 2.5465713225562805
 2.5465001602434132
 2.5464290011961936
 2.5463578454144757
 2.5462866928981036
 2.5462155436469325
 2.5461443976608074
 2.5460732549395866
 2.5460021154831107
 2.5459309792912368
 2.5458598463638151
 2.5457887167006907
 2.5457175903017162
 2.5456464671667436
 2.545575347295622
 2.5455042306881999
 2.5454331173443316
 2.5453620072638623
 2.5452909004466457
 2.5452197968925314
 2.5451486966013697
 2.5450775995730091
 2.5450065058073026
 2.5449354153040966
 2.5448643280632481
 2.5447932440845982
 2.5447221633680051
 2.544651085913316
 2.5445800117203827


