# Created by Octave 5.1.0, Thu Jun 11 15:24:04 2020 GMT <unknown@OKONKWO>
# name: SGDwM_Loss
# type: matrix
# rows: 1000
# columns: 1
 290.27915872348535
 169.78324893895578
 41.404366528958526
 4.2643160535004982
 62.505804016434681
 139.72000307288687
 158.84838665189329
 107.46329544823473
 35.930050856646062
 2.7583958600615457
 23.448400987249162
 65.479251167503236
 84.91619632655194
 65.731862929126777
 28.031606864697363
 4.1261088998995659
 8.8195710127939755
 30.169681459539415
 44.653068598694908
 39.258025446226384
 20.481735000184667
 5.1017754024994826
 3.9984961792688796
 14.046279633909185
 23.406229225215814
 23.192433175250635
 14.422639301681061
 5.2639069684410833
 2.7492253105180819
 7.0291933051200912
 12.544207578559231
 13.809660644018667
 10.039166740318009
 4.9119500469258739
 2.6038965962941747
 4.1526955001552146
 7.1712406086897165
 8.515744134347063
 7.0879849466697156
 4.3734539190705579
 2.6898843212980372
 3.064164091632628
 4.6058662469939993
 5.6234580944035235
 5.2069434117294708
 3.8482435405188951
 2.7568409849454727
 2.6980261350237362
 3.4281151675337918
 4.091412495001018
 4.0600591231690712
 3.4214931530624932
 2.7677248841383286
 2.5974976017260532
 2.9110791454491993
 3.3041746253071418
 3.3866033400319631
 3.1095277187098431
 2.741533637126921
 2.5805289499797532
 2.695591307786136
 2.9116532427149426
 3.0038494846278225
 2.897130284178258
 2.7011212827484763
 2.5820141496116236
 2.6109224292230087
 2.7215720481527161
 2.7923753132585816
 2.7597603960764454
 2.660858198600446
 2.5828236555775095
 2.579440319348536
 2.631835742783418
 2.6781886480684878
 2.6741649914625287
 2.6270713603444351
 2.5798004202493177
 2.567700976360094
 2.5900353047373907
 2.6174192567959746
 2.6221082845854191
 2.6011445301433982
 2.5741219513168776
 2.5622840333216623
 2.5701989393340972
 2.5850380972009579
 2.59072416102167
 2.5821436152195751
 2.5673774756928003
 2.5583376984340216
 2.5599403735614894
 2.567260823863899
 2.5715627465992186
 2.5684102318581292
 2.5605982150220896
 2.5544045003194182
 2.5536056516192072
 2.5567483925766017
 2.5593682555514548
 2.5583368706062348
 2.5542524698757556
 2.5502212635481225
 2.5487472078718434
 2.549723019681049
 2.5510142083918756
 2.5506489090731801
 2.548454213946052
 2.54585862984041
 2.5443763366692362
 2.544307088874715
 2.5447115851935203
 2.5444408052511491
 2.5431474858569216
 2.5414266812256163
 2.5401318536494037
 2.5396022107577401
 2.5394723696857731
 2.5391148575762648
 2.5382205280740808
 2.5369992332180846
 2.5359029829768795
 2.535196719515981
 2.5347690870889981
 2.534297818012397
 2.5335623179746602
 2.5326108072324125
 2.5316681270432193
 2.5309115436715124
 2.530329458309605
 2.5297669010319228
 2.529083796920732
 2.5282705687653433
 2.5274312976016984
 2.526673861665766
 2.5260177476452883
 2.5253942329776913
 2.5247212330933371
 2.5239752516358882
 2.5232000615391339
 2.5224567867645926
 2.5217687844461292
 2.521108983906712
 2.5204323353608946
 2.5197173219666262
 2.5189796636527237
 2.5182518925244506
 2.5175525776837104
 2.5168732235816496
 2.5161905769806046
 2.5154890940467496
 2.5147726135721098
 2.5140574029777141
 2.5133560041124698
 2.5126673047310764
 2.5119800592428518
 2.5112843221202383
 2.5105796095375257
 2.5098735001333798
 2.5091736761003682
 2.5084813897813811
 2.5077916167773666
 2.5070984954006823
 2.5064004423048662
 2.5057006742490811
 2.5050035669791151
 2.5043107251148768
 2.5036201455972469
 2.5029285951949642
 2.5022345782795421
 2.5015392698103649
 2.500845010130087
 2.5001530992789704
 2.4994628914851429
 2.4987727094834549
 2.4980814587025213
 2.4973894415633415
 2.4966978343685682
 2.4960075238008983
 2.4953184098476107
 2.4946296767431981
 2.4939406185825583
 2.4932512151449027
 2.4925620178181362
 2.491873573285639
 2.4911859607674405
 2.4904988130595385
 2.4898117116288785
 2.4891245501536545
 2.4884375646829842
 2.4877510682168555
 2.4870651705982088
 2.4863797236764662
 2.485694495368532
 2.4850093817430983
 2.4843244703254777
 2.4836399292872113
 2.4829558494252737
 2.4822721816978714
 2.4815888050488342
 2.4809056423359981
 2.4802227170637057
 2.4795401141288944
 2.478857896053988
 2.4781760540901465
 2.4774945289662931
 2.4768132704817867
 2.4761322781034827
 2.4754515918013453
 2.4747712503363832
 2.4740912585026602
 2.4734115893584412
 2.4727322129088973
 2.4720531219279978
 2.471374333598904
 2.4706958701780888
 2.470017739040371
 2.4693399291184721
 2.4686624236365846
 2.4679852152600992
 2.4673083103747118
 2.4666317209369333
 2.4659554531575885
 2.4652795032017871
 2.464603862213028
 2.4639285246357128
 2.4632534921624472
 2.4625787707950999
 2.4619043648163363
 2.4612302733630043
 2.4605564920083003
 2.4598830170613537
 2.459209848427323
 2.4585369888797581
 2.4578644410429709
 2.4571922050745134
 2.4565202788770595
 2.4558486601795955
 2.4551773483706003
 2.4545063445780628
 2.4538356502617327
 2.4531652657921561
 2.4524951902221908
 2.4518254222178464
 2.4511559611400293
 2.4504868073325361
 2.4498179615232925
 2.4491494240142453
 2.4484811943860234
 2.4478132718695957
 2.4471456559435119
 2.4464783466081612
 2.4458113441661826
 2.4451446487887942
 2.4444782602758894
 2.4438121781762407
 2.4431464020975633
 2.4424809319078782
 2.4418157676782664
 2.4411509094646879
 2.4404863571440956
 2.4398221104333779
 2.4391581690402702
 2.4384945327934462
 2.4378312016455457
 2.4371681755707399
 2.4365054544635956
 2.4358430381246245
 2.4351809263282846
 2.4345191189001829
 2.4338576157363652
 2.433196416759368
 2.4325355218602387
 2.431874930878315
 2.4312146436286621
 2.4305546599449475
 2.429894979698441
 2.4292356027816413
 2.4285765290771013
 2.4279177584406533
 2.4272592907104862
 2.426601125729523
 2.425943263359577
 2.4252857034768791
 2.424628445956313
 2.4239714906598353
 2.4233148374381033
 2.4226584861414073
 2.422002436628901
 2.4213466887686277
 2.4206912424300628
 2.4200360974769155
 2.4193812537662596
 2.4187267111534578
 2.4180724694976954
 2.4174185286632599
 2.416764888516314
 2.4161115489207567
 2.4154585097368244
 2.4148057708231363
 2.4141533320397559
 2.4135011932495107
 2.4128493543167742
 2.4121978151052228
 2.4115465754766592
 2.4108956352917117
 2.4102449944114368
 2.4095946526983134
 2.4089446100158933
 2.4082948662276791
 2.4076454211962832
 2.4069962747835825
 2.4063474268515015
 2.4056988772626613
 2.4050506258803832
 2.4044026725681342
 2.4037550171890167
 2.4031076596057228
 2.4024605996808805
 2.4018138372774676
 2.4011673722588784
 2.4005212044886934
 2.3998753338303871
 2.3992297601472274
 2.3985844833024332
 2.3979395031593835
 2.3972948195817119
 2.3966504324332294
 2.3960063415777424
 2.3953625468789843
 2.3947190482006606
 2.3940758454065749
 2.3934329383606858
 2.3927903269270829
 2.3921480109699176
 2.3915059903533304
 2.3908642649414622
 2.3902228345985268
 2.3895816991888417
 2.3889408585768268
 2.3883003126269746
 2.3876600612038104
 2.3870201041718881
 2.3863804413958078
 2.3857410727402621
 2.3851019980700272
 2.3844632172499458
 2.3838247301449216
 2.3831865366198861
 2.3825486365398385
 2.3819110297698396
 2.3812737161750297
 2.3806366956206153
 2.3799999679718638
 2.3793635330940952
 2.3787273908526778
 2.3780915411130557
 2.3774559837407314
 2.3768207186012793
 2.3761857455603339
 2.3755510644835902
 2.3749166752367952
 2.3742825776857566
 2.373648771696355
 2.3730152571345302
 2.372382033866284
 2.3717491017576795
 2.3711164606748381
 2.3704841104839431
 2.3698520510512369
 2.3692202822430324
 2.368588803925697
 2.3679576159656648
 2.3673267182294251
 2.3666961105835318
 2.3660657928946001
 2.3654357650293032
 2.3648060268543807
 2.3641765782366311
 2.3635474190429173
 2.3629185491401552
 2.3622899683953325
 2.3616616766754879
 2.36103367384773
 2.3604059597792211
 2.3597785343371904
 2.3591513973889287
 2.3585245488017774
 2.3578979884431512
 2.3572717161805188
 2.3566457318814193
 2.3560200354134335
 2.3553946266442258
 2.354769505441503
 2.3541446716730445
 2.353520125206686
 2.3528958659103227
 2.3522718936519142
 2.3516482082994794
 2.3510248097210926
 2.3504016977849007
 2.3497788723590975
 2.3491563333119441
 2.3485340805117696
 2.3479121138269452
 2.3472904331259223
 2.3466690382771986
 2.346047929149341
 2.3454271056109719
 2.3448065675307763
 2.3441863147774966
 2.3435663472199413
 2.3429466647269739
 2.342327267167521
 2.3417081544105658
 2.3410893263251573
 2.340470782780403
 2.3398525236454648
 2.3392345487895745
 2.3386168580820157
 2.3379994513921356
 2.3373823285893458
 2.3367654895431076
 2.3361489341229484
 2.3355326621984593
 2.3349166736392863
 2.3343009683151354
 2.3336855460957722
 2.3330704068510255
 2.3324555504507822
 2.3318409767649864
 2.3312266856636463
 2.3306126770168296
 2.329998950694657
 2.329385506567319
 2.3287723445050594
 2.328159464378182
 2.3275468660570504
 2.3269345494120941
 2.3263225143137918
 2.3257107606326861
 2.3250992882393819
 2.3244880970045418
 2.3238771867988892
 2.3232665574932012
 2.3226562089583216
 2.3220461410651474
 2.3214363536846401
 2.3208268466878192
 2.3202176199457609
 2.3196086733296024
 2.3190000067105396
 2.3183916199598325
 2.3177835129487918
 2.3171756855487922
 2.3165681376312679
 2.3159608690677125
 2.3153538797296749
 2.3147471694887654
 2.3141407382166563
 2.3135345857850771
 2.312928712065808
 2.312323116930703
 2.3117178002516638
 2.3111127619006573
 2.3105080017497057
 2.3099035196708928
 2.3092993155363528
 2.3086953892182915
 2.308091740588968
 2.3074883695206925
 2.3068852758858505
 2.3062824595568698
 2.3056799204062437
 2.3050776583065251
 2.304475673130328
 2.3038739647503177
 2.3032725330392223
 2.3026713778698258
 2.302070499114977
 2.3014698966475802
 2.3008695703405877
 2.3002695200670282
 2.2996697456999766
 2.2990702471125695
 2.2984710241780046
 2.2978720767695311
 2.2972734047604608
 2.296675008024168
 2.2960768864340766
 2.2954790398636717
 2.2948814681865026
 2.2942841712761677
 2.2936871490063306
 2.2930904012507098
 2.2924939278830778
 2.291897728777275
 2.2913018038071908
 2.2907061528467767
 2.2901107757700419
 2.2895156724510541
 2.2889208427639356
 2.2883262865828717
 2.2877320037821005
 2.2871379942359211
 2.2865442578186892
 2.2859507944048207
 2.2853576038687833
 2.2847646860851087
 2.2841720409283823
 2.2835796682732501
 2.2829875679944149
 2.2823957399666348
 2.2818041840647281
 2.281212900163569
 2.2806218881380906
 2.2800311478632853
 2.279440679214197
 2.2788504820659305
 2.2782605562936507
 2.2776709017725749
 2.2770815183779849
 2.276492405985211
 2.2759035644696448
 2.2753149937067354
 2.2747266935719912
 2.2741386639409771
 2.2735509046893103
 2.2729634156926717
 2.2723761968267939
 2.2717892479674711
 2.2712025689905526
 2.2706161597719441
 2.2700300201876109
 2.2694441501135723
 2.2688585494259037
 2.2682732180007457
 2.2676881557142838
 2.2671033624427706
 2.2665188380625074
 2.2659345824498631
 2.2653505954812498
 2.2647668770331482
 2.264183426982088
 2.2636002452046586
 2.2630173315775117
 2.2624346859773414
 2.2618523082809157
 2.2612701983650458
 2.2606883561066065
 2.260106781382528
 2.259525474069795
 2.2589444340454539
 2.2583636611865936
 2.2577831553703849
 2.2572029164740304
 2.256622944374798
 2.2560432389500207
 2.2554638000770715
 2.2548846276333934
 2.2543057214964812
 2.253727081543881
 2.2531487076532035
 2.2525705997021128
 2.2519927575683236
 2.2514151811296155
 2.2508378702638199
 2.2502608248488252
 2.249684044762573
 2.2491075298830663
 2.2485312800883595
 2.2479552952565687
 2.2473795752658585
 2.2468041199944557
 2.2462289293206372
 2.2456540031227474
 2.2450793412791712
 2.2445049436683586
 2.2439308101688162
 2.2433569406591047
 2.2427833350178372
 2.2422099931236867
 2.2416369148553783
 2.2410641000917
 2.2404915487114909
 2.2399192605936378
 2.2393472356171
 2.2387754736608811
 2.2382039746040405
 2.2376327383256989
 2.2370617647050288
 2.236491053621255
 2.235920604953666
 2.2353504185815987
 2.2347804943844483
 2.2342108322416685
 2.2336414320327584
 2.2330722936372873
 2.2325034169348688
 2.2319348018051737
 2.2313664481279285
 2.2307983557829161
 2.2302305246499796
 2.229662954609005
 2.2290956455399469
 2.2285285973228048
 2.2279618098376401
 2.2273952829645647
 2.226829016583749
 2.2262630105754155
 2.2256972648198468
 2.2251317791973735
 2.2245665535883865
 2.2240015878733299
 2.2234368819327055
 2.2228724356470622
 2.2223082488970154
 2.2217443215632233
 2.2211806535264098
 2.2206172446673449
 2.2200540948668603
 2.2194912040058372
 2.2189285719652143
 2.2183661986259846
 2.2178040838691944
 2.2172422275759494
 2.2166806296274051
 2.2161192899047735
 2.215558208289317
 2.2149973846623614
 2.2144368189052805
 2.2138765108995013
 2.2133164605265154
 2.2127566676678523
 2.2121971322051146
 2.2116378540199442
 2.2110788329940463
 2.210520069009176
 2.209961561947146
 2.209403311689822
 2.2088453181191205
 2.2082875811170175
 2.2077301005655405
 2.2071728763467764
 2.2066159083428554
 2.2060591964359726
 2.205502740508372
 2.2049465404423523
 2.2043905961202679
 2.2038349074245267
 2.2032794742375921
 2.2027242964419735
 2.2021693739202446
 2.2016147065550307
 2.2010602942290047
 2.200506136824901
 2.1999522342255053
 2.1993985863136558
 2.1988451929722488
 2.1982920540842255
 2.1977391695325932
 2.1971865392004042
 2.1966341629707649
 2.196082040726838
 2.1955301723518414
 2.1949785577290437
 2.1944271967417697
 2.1938760892733917
 2.1933252352073453
 2.1927746344271135
 2.1922242868162325
 2.1916741922582954
 2.191124350636946
 2.1905747618358817
 2.1900254257388561
 2.1894763422296744
 2.1889275111921931
 2.1883789325103269
 2.1878306060680401
 2.1872825317493509
 2.1867347094383325
 2.1861871390191103
 2.1856398203758634
 2.1850927533928237
 2.1845459379542742
 2.1839993739445545
 2.1834530612480565
 2.1829069997492256
 2.1823611893325587
 2.181815629882609
 2.1812703212839777
 2.1807252634213246
 2.1801804561793556
 2.1796358994428391
 2.1790915930965862
 2.1785475370254712
 2.1780037311144129
 2.1774601752483864
 2.1769168693124215
 2.1763738131915997
 2.175831006771046
 2.1752884499359588
 2.1747461425715713
 2.1742040845631756
 2.1736622757961164
 2.1731207161557919
 2.1725794055276504
 2.172038343797198
 2.1714975308499871
 2.1709569665716266
 2.1704166508477796
 2.1698765835641574
 2.1693367646065242
 2.1687971938606991
 2.1682578712125538
 2.1677187965480136
 2.1671799697530481
 2.1666413907136923
 2.1661030593160229
 2.1655649754461743
 2.1650271389903315
 2.1644895498347307
 2.1639522078656626
 2.1634151129694716
 2.1628782650325493
 2.1623416639413433
 2.1618053095823546
 2.1612692018421304
 2.1607333406072788
 2.1601977257644487
 2.1596623572003564
 2.1591272348017547
 2.1585923584554565
 2.1580577280483291
 2.157523343467282
 2.1569892045992893
 2.1564553113313654
 2.1559216635505876
 2.1553882611440742
 2.1548551039990045
 2.1543221920026046
 2.1537895250421517
 2.1532571030049796
 2.15272492577847
 2.1521929932500599
 2.151661305307234
 2.1511298618375281
 2.1505986627285352
 2.1500677078678949
 2.1495369971433029
 2.149006530442501
 2.1484763076532887
 2.147946328663513
 2.147416593361072
 2.1468871016339182
 2.1463578533700538
 2.1458288484575352
 2.1453000867844647
 2.1447715682389998
 2.1442432927093527
 2.1437152600837801
 2.143187470250596
 2.1426599230981571
 2.142132618514883
 2.1416055563892393
 2.1410787366097397
 2.1405521590649537
 2.1400258236434979
 2.1394997302340482
 2.1389738787253205
 2.1384482690060898
 2.1379229009651808
 2.1373977744914634
 2.1368728894738718
 2.1363482458013774
 2.1358238433630103
 2.1352996820478491
 2.134775761745022
 2.1342520823437159
 2.1337286437331571
 2.1332054458026319
 2.132682488441473
 2.1321597715390639
 2.1316372949848446
 2.1311150586682959
 2.1305930624789591
 2.1300713063064225
 2.129549790040322
 2.1290285135703511
 2.1285074767862486
 2.1279866795778033
 2.1274661218348614
 2.126945803447311
 2.1264257243050979
 2.1259058842982133
 2.1253862833167054
 2.1248669212506632
 2.1243477979902372
 2.1238289134256219
 2.1233102674470619
 2.1227918599448565
 2.1222736908093518
 2.1217557599309438
 2.121238067200081
 2.1207206125072653
 2.1202033957430406
 2.1196864167980114
 2.1191696755628207
 2.1186531719281745
 2.1181369057848172
 2.1176208770235529
 2.1171050855352291
 2.1165895312107481
 2.1160742139410633
 2.1155591336171704
 2.1150442901301214
 2.1145296833710203
 2.1140153132310164
 2.1135011796013101
 2.1129872823731537
 2.1124736214378492
 2.111960196686745
 2.111447008011246
 2.1109340553028009
 2.1104213384529111
 2.1099088573531271
 2.1093966118950505
 2.108884601970332
 2.1083728274706726
 2.1078612882878192
 2.1073499843135779
 2.1068389154397926
 2.106328081558364
 2.1058174825612435
 2.1053071183404293
 2.1047969887879678
 2.1042870937959588
 2.1037774332565493
 2.1032680070619407
 2.1027588151043743
 2.1022498572761492
 2.101741133469611
 2.1012326435771542
 2.1007243874912258
 2.1002163651043193
 2.099708576308978
 2.0992010209977954
 2.0986936990634169
 2.0981866103985292
 2.097679754895879
 2.097173132448253
 2.0966667429484938
 2.0961605862894883
 2.0956546623641783
 2.0951489710655489
 2.0946435122866354
 2.0941382859205282
 2.0936332918603608
 2.0931285299993165
 2.0926240002306296
 2.0921197024475831
 2.0916156365435095
 2.0911118024117874
 2.0906081999458488
 2.0901048290391699
 2.0896016895852805
 2.0890987814777566
 2.088596104610223
 2.0880936588763555
 2.0875914441698775
 2.08708946038456
 2.0865877074142283
 2.0860861851527459
 2.0855848934940378
 2.0850838323320646
 2.0845830015608495
 2.0840824010744532
 2.0835820307669923
 2.0830818905326267
 2.0825819802655694
 2.082082299860077
 2.081582849210462
 2.0810836282110787
 2.0805846367563339
 2.0800858747406821
 2.0795873420586246
 2.0790890386047107
 2.0785909642735438
 2.0780931189597718
 2.0775955025580859
 2.0770981149632388
 2.0766009560700192
 2.0761040257732688
 2.0756073239678781
 2.0751108505487887
 2.0746146054109817
 2.0741185884494926
 2.0736227995594092
 2.0731272386358617
 2.0726319055740254
 2.0721368002691327
 2.0716419226164597
 2.0711472725113307
 2.070652849849115
 2.070158654525232
 2.0696646864351567
 2.0691709454744025
 2.0686774315385308
 2.0681841445231566
 2.0676910843239442
 2.0671982508365958
 2.0667056439568743
 2.0662132635805781
 2.0657211096035653
 2.0652291819217332
 2.0647374804310306
 2.0642460050274511
 2.0637547556070426
 2.0632637320658946
 2.0627729343001486
 2.0622823622059872
 2.0617920156796501
 2.0613018946174191
 2.0608119989156215
 2.0603223284706385
 2.059832883178895
 2.0593436629368642
 2.0588546676410635
 2.0583658971880667
 2.057877351474489
 2.0573890303969908
 2.056900933852285
 2.0564130617371306
 2.0559254139483327
 2.0554379903827447
 2.0549507909372693
 2.0544638155088526
 2.0539770639944925
 2.0534905362912279
 2.0530042322961526
 2.0525181519064057
 2.0520322950191701
 2.0515466615316758
 2.0510612513412054
 2.0505760643450857
 2.0500911004406905
 2.0496063595254395
 2.0491218414968024
 2.0486375462522939
 2.0481534736894775
 2.0476696237059619
 2.0471859961994041
 2.0467025910675081
 2.0462194082080249
 2.0457364475187529
 2.045253708897536
 2.0447711922422647
 2.0442888974508846
 2.0438068244213707
 2.0433249730517655
 2.0428433432401412
 2.0423619348846298
 2.0418807478833996
 2.041399782134675
 2.0409190375367192
 2.0404385139878505
 2.0399582113864239
 2.0394781296308517
 2.0389982686195798
 2.0385186282511185
 2.0380392084240091
 2.0375600090368451
 2.0370810299882702
 2.03660227117697
 2.036123732501677
 2.0356454138611748
 2.0351673151542844
 2.0346894362798862
 2.0342117771368944
 2.0337343376242765
 2.0332571176410474
 2.0327801170862636
 2.0323033358590323
 2.0318267738585041
 2.0313504309838781
 2.0308743071343991
 2.0303984022093595
 2.0299227161080933
 2.0294472487299853
 2.0289719999744693
 2.0284969697410147
 2.0280221579291493
 2.027547564438438
 2.0270731891684974
 2.0265990320189888
 2.0261250928896173
 2.0256513716801381
 2.0251778682903496
 2.0247045826200942
 2.024231514569268


